{"producer":{"name":"Blender","version":"2.79 (sub 0)","exporter_version":"5.6.4","file":"soldier_alpha_toon_material.babylon"},
"autoClear":true,"clearColor":[0,0,0],"ambientColor":[0.2,0.2,0.3],"gravity":[0,-9.81,0],
"materials":[{"name":"soldier_alpha_toon_material.SkinColor","id":"soldier_alpha_toon_material.SkinColor","ambient":[1,1,1],"diffuse":[1,1,1],"specular":[0,0,0],"emissive":[0.1,0.1,0.1],"specularPower":50,"alpha":1,"backFaceCulling":true,"checkReadyOnlyOnce":false,"maxSimultaneousLights":4},
{"name":"soldier_alpha_toon_material.Multicam_Cream","id":"soldier_alpha_toon_material.Multicam_Cream","ambient":[1,1,1],"diffuse":[1,1,1],"specular":[0,0,0],"emissive":[0.1,0.1,0.1],"specularPower":50,"alpha":1,"backFaceCulling":true,"checkReadyOnlyOnce":false,"maxSimultaneousLights":4},
{"name":"soldier_alpha_toon_material.Multicam_Brown","id":"soldier_alpha_toon_material.Multicam_Brown","ambient":[1,1,1],"diffuse":[1,1,1],"specular":[0,0,0],"emissive":[0,0,0],"specularPower":50,"alpha":1,"backFaceCulling":true,"checkReadyOnlyOnce":false,"maxSimultaneousLights":4},
{"name":"soldier_alpha_toon_material.Multicam_Olive","id":"soldier_alpha_toon_material.Multicam_Olive","ambient":[1,1,1],"diffuse":[1,1,1],"specular":[0,0,0],"emissive":[0,0,0],"specularPower":50,"alpha":1,"backFaceCulling":true,"checkReadyOnlyOnce":false,"maxSimultaneousLights":4},
{"name":"soldier_alpha_toon_material.Multicam_Tan","id":"soldier_alpha_toon_material.Multicam_Tan","ambient":[1,1,1],"diffuse":[1,1,1],"specular":[0,0,0],"emissive":[0,0,0],"specularPower":50,"alpha":1,"backFaceCulling":true,"checkReadyOnlyOnce":false,"maxSimultaneousLights":4}],
"multiMaterials":[{"name":"soldier_alpha_toon_material.Multimaterial#0","id":"soldier_alpha_toon_material.Multimaterial#0","materials":["soldier_alpha_toon_material.SkinColor","soldier_alpha_toon_material.Multicam_Cream","soldier_alpha_toon_material.Multicam_Brown","soldier_alpha_toon_material.Multicam_Olive","soldier_alpha_toon_material.Multicam_Tan"]}],
"skeletons":[{"name":"Armature","id":0,"dimensionsAtRest":[3.5982,10.7327,0.9465],"bones":[
{"name":"lowerTorso","index":0,"matrix":[1,0,0,0,0,1,0,0,0,0,-1,0,0,5.5,0.3,1],"rest":[1,0,0,0,0,1,0,0,0,0,-1,0,0,5.5,0.3,1],"parentBoneIndex":-1,"length":2.1
,"animation":{"dataType":3,"framePerSecond":24,"keys":[
{"frame":1,"values":[1,0,0,0,0,1,0,0,0,0,-1,0,0,5.192,0.3,1]},
{"frame":2,"values":[1,0,0,0,0,1,0,0,0,0,-1,0,0,5.2346,0.3,1]},
{"frame":3,"values":[1,0,0,0,0,1,0,0,0,0,-1,0,0,5.346,0.3,1]},
{"frame":4,"values":[1,0,0,0,0,1,0,0,0,0,-1,0,0,5.4574,0.3,1]},
{"frame":5,"values":[1,0,0,0,0,1,0,0,0,0,-1,0,0,5.5,0.3,1]},
{"frame":6,"values":[1,0,0,0,0,1,0,0,0,0,-1,0,0,5.4518,0.3,1]},
{"frame":7,"values":[1,0,0,0,0,1,0,0,0,0,-1,0,0,5.3162,0.3,1]},
{"frame":8,"values":[1,0,0,0,0,1,0,0,0,0,-1,0,0,5.1421,0.3,1]},
{"frame":9,"values":[1,0,0,0,0,1,0,0,0,0,-1,0,0,5.0065,0.3,1]},
{"frame":10,"values":[1,0,0,0,0,1,0,0,0,0,-1,0,0,4.9583,0.3,1]},
{"frame":11,"values":[1,0,0,0,0,1,0,0,0,0,-1,0,0,5.0065,0.3,1]},
{"frame":12,"values":[1,0,0,0,0,1,0,0,0,0,-1,0,0,5.1421,0.3,1]},
{"frame":13,"values":[1,0,0,0,0,1,0,0,0,0,-1,0,0,5.3162,0.3,1]},
{"frame":14,"values":[1,0,0,0,0,1,0,0,0,0,-1,0,0,5.4518,0.3,1]},
{"frame":15,"values":[1,0,0,0,0,1,0,0,0,0,-1,0,0,5.5,0.3,1]},
{"frame":16,"values":[1,0,0,0,0,1,0,0,0,0,-1,0,0,5.4726,0.3,1]},
{"frame":17,"values":[1,0,0,0,0,1,0,0,0,0,-1,0,0,5.3955,0.3,1]},
{"frame":18,"values":[1,0,0,0,0,1,0,0,0,0,-1,0,0,5.2965,0.3,1]},
{"frame":19,"values":[1,0,0,0,0,1,0,0,0,0,-1,0,0,5.2194,0.3,1]},
{"frame":20,"values":[1,0,0,0,0,1,0,0,0,0,-1,0,0,5.192,0.3,1]},
{"frame":21,"values":[1,0,0,0,0,1,0,0,0,0,-1,0,0,5.2194,0.3,1]},
{"frame":22,"values":[1,0,0,0,0,1,0,0,0,0,-1,0,0,5.2965,0.3,1]},
{"frame":23,"values":[1,0,0,0,0,1,0,0,0,0,-1,0,0,5.3955,0.3,1]},
{"frame":24,"values":[1,0,0,0,0,1,0,0,0,0,-1,0,0,5.4726,0.3,1]},
{"frame":25,"values":[1,0,0,0,0,1,0,0,0,0,-1,0,0,5.5,0.3,1]}],"loopBehavior":1,"name":"anim","property":"_matrix"}},
{"name":"upperTorso","index":1,"matrix":[1,0,0,0,0,1,0,0,0,0,1,0,0,2.1,0,1],"rest":[1,0,0,0,0,1,0,0,0,0,1,0,0,2.1,0,1],"parentBoneIndex":0,"length":1.3
,"animation":{"dataType":3,"framePerSecond":24,"keys":[
{"frame":1,"values":[1,0,0,0,0,0.9684,0.2496,0,0,-0.2496,0.9684,0,0,2.1,0,1]},
{"frame":21,"values":[1,0,0,0,0,0.9737,0.228,0,0,-0.228,0.9737,0,0,2.1,0,1]},
{"frame":22,"values":[1,0,0,0,0,0.9861,0.1664,0,0,-0.1664,0.9861,0,0,2.1,0,1]},
{"frame":23,"values":[1,0,0,0,0,0.9963,0.0859,0,0,-0.0859,0.9963,0,0,2.1,0,1]},
{"frame":24,"values":[1,0,0,0,0,0.9997,0.0225,0,0,-0.0225,0.9997,0,0,2.1,0,1]},
{"frame":25,"values":[1,0,0,0,0,1,0,0,0,0,1,0,0,2.1,0,1]}],"loopBehavior":1,"name":"anim","property":"_matrix"}},
{"name":"neck","index":2,"matrix":[1,0,0,0,0,0.9701,0.2425,0,0,-0.2425,0.9701,0,0,1.3,0,1],"rest":[1,0,0,0,0,0.9701,0.2425,0,0,-0.2425,0.9701,0,0,1.3,0,1],"parentBoneIndex":1,"length":0.4123
,"animation":{"dataType":3,"framePerSecond":24,"keys":[
{"frame":1,"values":[1,0,0,0,0,0.9701,0.2425,0,0,-0.2425,0.9701,0,0,1.3,0,1]},
{"frame":25,"values":[1,0,0,0,0,0.9701,0.2425,0,0,-0.2425,0.9701,0,0,1.3,0,1]}],"loopBehavior":1,"name":"anim","property":"_matrix"}},
{"name":"head","index":3,"matrix":[1,0,0,0,0,0.9937,-0.1122,0,0,0.1122,0.9937,0,0,0.4123,0,1],"rest":[1,0,0,0,0,0.9937,-0.1122,0,0,0.1122,0.9937,0,0,0.4123,0,1],"parentBoneIndex":2,"length":1.5133
,"animation":{"dataType":3,"framePerSecond":24,"keys":[
{"frame":1,"values":[1,0.0046,-0.002,0,-0.005,0.9408,-0.3388,0,0.0004,0.3388,0.9409,0,0,0.4123,0,1]},
{"frame":21,"values":[1,0.0042,-0.0018,0,-0.0046,0.9476,-0.3194,0,0.0004,0.3194,0.9476,0,0,0.4123,0,1]},
{"frame":22,"values":[1,0.0031,-0.0012,0,-0.0033,0.9646,-0.2638,0,0.0004,0.2638,0.9646,0,0,0.4123,0,1]},
{"frame":23,"values":[1,0.0016,-0.0006,0,-0.0017,0.9816,-0.1907,0,0.0003,0.1907,0.9816,0,0,0.4123,0,1]},
{"frame":24,"values":[1,0.0004,-0.0001,0,-0.0004,0.9911,-0.1329,0,0.0001,0.1329,0.9911,0,0,0.4123,0,1]},
{"frame":25,"values":[1,0,0,0,0,0.9937,-0.1122,0,0,0.1122,0.9937,0,0,0.4123,0,1]}],"loopBehavior":1,"name":"anim","property":"_matrix"}},
{"name":"clavicleR","index":4,"matrix":[-0.1438,0.8804,0.4519,0,-0.8677,-0.3317,0.3701,0,0.4758,-0.3389,0.8117,0,-0.2441,1.227,-0.0299,1],"rest":[-0.3096,0.8722,0.3787,0,-0.9307,-0.3596,0.0674,0,0.195,-0.3316,0.9231,0,-0.2441,1.227,-0.0299,1],"parentBoneIndex":1,"length":1.2419
,"animation":{"dataType":3,"framePerSecond":24,"keys":[
{"frame":1,"values":[-0.0674,0.8804,0.4694,0,-0.7949,-0.3317,0.5081,0,0.603,-0.3389,0.7222,0,-0.2441,1.227,-0.0299,1]},
{"frame":2,"values":[-0.0487,0.8808,0.471,0,-0.7833,-0.3263,0.5292,0,0.6198,-0.3431,0.7058,0,-0.2441,1.227,-0.0299,1]},
{"frame":3,"values":[0.0004,0.8812,0.4727,0,-0.75,-0.3124,0.583,0,0.6615,-0.3547,0.6608,0,-0.2441,1.227,-0.0299,1]},
{"frame":4,"values":[0.0494,0.8808,0.4709,0,-0.7128,-0.2992,0.6344,0,0.6996,-0.367,0.613,0,-0.2441,1.227,-0.0299,1]},
{"frame":5,"values":[0.0681,0.8804,0.4693,0,-0.6976,-0.2943,0.6533,0,0.7133,-0.3719,0.5941,0,-0.2441,1.227,-0.0299,1]},
{"frame":6,"values":[0.0642,0.8805,0.4697,0,-0.7008,-0.2953,0.6493,0,0.7104,-0.3709,0.5981,0,-0.2441,1.227,-0.0299,1]},
{"frame":7,"values":[0.052,0.8807,0.4707,0,-0.7107,-0.2985,0.637,0,0.7016,-0.3677,0.6104,0,-0.2441,1.227,-0.0299,1]},
{"frame":8,"values":[0.0336,0.881,0.4719,0,-0.7252,-0.3034,0.6181,0,0.6877,-0.363,0.6287,0,-0.2441,1.227,-0.0299,1]},
{"frame":9,"values":[0.0137,0.8812,0.4725,0,-0.7403,-0.3088,0.5972,0,0.6722,-0.358,0.6481,0,-0.2441,1.227,-0.0299,1]},
{"frame":10,"values":[-0.0034,0.8812,0.4727,0,-0.7527,-0.3135,0.579,0,0.6584,-0.3538,0.6644,0,-0.2441,1.227,-0.0299,1]},
{"frame":11,"values":[-0.0212,0.8812,0.4723,0,-0.7651,-0.3184,0.5597,0,0.6436,-0.3495,0.6809,0,-0.2441,1.227,-0.0299,1]},
{"frame":12,"values":[-0.0428,0.8809,0.4714,0,-0.7794,-0.3246,0.5358,0,0.625,-0.3445,0.7005,0,-0.2441,1.227,-0.0299,1]},
{"frame":13,"values":[-0.0634,0.8805,0.4698,0,-0.7924,-0.3306,0.5126,0,0.6066,-0.3398,0.7187,0,-0.2441,1.227,-0.0299,1]},
{"frame":14,"values":[-0.0773,0.8801,0.4684,0,-0.8008,-0.3347,0.4968,0,0.594,-0.3367,0.7306,0,-0.2441,1.227,-0.0299,1]},
{"frame":15,"values":[-0.0818,0.88,0.4679,0,-0.8034,-0.336,0.4916,0,0.5898,-0.3357,0.7345,0,-0.2441,1.227,-0.0299,1]},
{"frame":16,"values":[-0.0805,0.88,0.468,0,-0.8027,-0.3356,0.493,0,0.591,-0.336,0.7334,0,-0.2441,1.227,-0.0299,1]},
{"frame":17,"values":[-0.0769,0.8801,0.4684,0,-0.8006,-0.3346,0.4972,0,0.5943,-0.3368,0.7303,0,-0.2441,1.227,-0.0299,1]},
{"frame":18,"values":[-0.0723,0.8803,0.4689,0,-0.7978,-0.3332,0.5025,0,0.5986,-0.3378,0.7264,0,-0.2441,1.227,-0.0299,1]},
{"frame":19,"values":[-0.0687,0.8804,0.4693,0,-0.7956,-0.3321,0.5066,0,0.6019,-0.3386,0.7233,0,-0.2441,1.227,-0.0299,1]},
{"frame":20,"values":[-0.0674,0.8804,0.4694,0,-0.7949,-0.3317,0.5081,0,0.603,-0.3389,0.7222,0,-0.2441,1.227,-0.0299,1]},
{"frame":21,"values":[-0.0743,0.8804,0.4684,0,-0.8023,-0.3317,0.4963,0,0.5923,-0.3389,0.731,0,-0.2441,1.227,-0.0299,1]},
{"frame":22,"values":[-0.0936,0.8804,0.4649,0,-0.8221,-0.3317,0.4627,0,0.5615,-0.3389,0.7549,0,-0.2441,1.227,-0.0299,1]},
{"frame":23,"values":[-0.1182,0.8804,0.4592,0,-0.8456,-0.3317,0.4183,0,0.5206,-0.3389,0.7837,0,-0.2441,1.227,-0.0299,1]},
{"frame":24,"values":[-0.1372,0.8804,0.454,0,-0.8622,-0.3317,0.3829,0,0.4877,-0.3389,0.8046,0,-0.2441,1.227,-0.0299,1]},
{"frame":25,"values":[-0.1438,0.8804,0.4519,0,-0.8677,-0.3317,0.3701,0,0.4758,-0.3389,0.8117,0,-0.2441,1.227,-0.0299,1]}],"loopBehavior":1,"name":"anim","property":"_matrix"}},
{"name":"upperArmR","index":5,"matrix":[-0.3742,-0.9258,0.0541,0,-0.8945,0.3757,0.2425,0,-0.2448,0.0423,-0.9686,0,-0.006,1.2419,0.0046,1],"rest":[-0.4878,-0.8674,0.0988,0,-0.8249,0.495,0.2732,0,-0.2858,0.0517,-0.9569,0,-0.006,1.2419,0.0046,1],"parentBoneIndex":4,"length":1.3158
,"animation":{"dataType":3,"framePerSecond":24,"keys":[
{"frame":1,"values":[-0.4881,-0.8671,0.0996,0,-0.8233,0.4953,0.2771,0,-0.2897,0.0532,-0.9557,0,-0.006,1.2419,0.0046,1]},
{"frame":21,"values":[-0.4784,-0.873,0.0954,0,-0.8304,0.485,0.2743,0,-0.2858,0.052,-0.9569,0,-0.006,1.2419,0.0046,1]},
{"frame":22,"values":[-0.4506,-0.8888,0.0837,0,-0.8494,0.4557,0.2661,0,-0.2747,0.0488,-0.9603,0,-0.006,1.2419,0.0046,1]},
{"frame":23,"values":[-0.4139,-0.9077,0.069,0,-0.8723,0.4172,0.255,0,-0.2603,0.0453,-0.9645,0,-0.006,1.2419,0.0046,1]},
{"frame":24,"values":[-0.3847,-0.9212,0.058,0,-0.8889,0.3866,0.2458,0,-0.2489,0.043,-0.9676,0,-0.006,1.2419,0.0046,1]},
{"frame":25,"values":[-0.3742,-0.9258,0.0541,0,-0.8945,0.3757,0.2425,0,-0.2448,0.0423,-0.9686,0,-0.006,1.2419,0.0046,1]}],"loopBehavior":1,"name":"anim","property":"_matrix"}},
{"name":"lowerArmR","index":6,"matrix":[0.89,0.2058,0.407,0,0.4437,-0.1845,-0.877,0,-0.1054,0.961,-0.2555,0,0,1.3158,0,1],"rest":[0.9995,-0.0153,-0.0282,0,0.0122,0.9943,-0.1062,0,0.0296,0.1058,0.9939,0,0,1.3158,0,1],"parentBoneIndex":5,"length":1.6172
,"animation":{"dataType":3,"framePerSecond":24,"keys":[
{"frame":1,"values":[0.976,-0.0068,0.2174,0,0.1839,-0.5086,-0.8412,0,0.1163,0.861,-0.4952,0,0,1.3158,0,1]},
{"frame":14,"values":[0.9761,-0.0068,0.2174,0,0.1839,-0.5086,-0.8412,0,0.1163,0.861,-0.4952,0,0,1.3158,0,1]},
{"frame":15,"values":[0.976,-0.0068,0.2174,0,0.1839,-0.5086,-0.8412,0,0.1163,0.861,-0.4952,0,0,1.3158,0,1]},
{"frame":21,"values":[0.9725,0.0148,0.2324,0,0.2103,-0.4839,-0.8495,0,0.0999,0.875,-0.4737,0,0,1.3158,0,1]},
{"frame":22,"values":[0.9581,0.0735,0.2769,0,0.2822,-0.4093,-0.8677,0,0.0496,0.9094,-0.4129,0,0,1.3158,0,1]},
{"frame":23,"values":[0.9301,0.1426,0.3385,0,0.3666,-0.304,-0.8793,0,-0.0225,0.942,-0.335,0,0,1.3158,0,1]},
{"frame":24,"values":[0.9014,0.1903,0.3888,0,0.4248,-0.2164,-0.879,0,-0.0832,0.9576,-0.2759,0,0,1.3158,0,1]},
{"frame":25,"values":[0.89,0.2058,0.407,0,0.4437,-0.1845,-0.877,0,-0.1054,0.961,-0.2555,0,0,1.3158,0,1]}],"loopBehavior":1,"name":"anim","property":"_matrix"}},
{"name":"handR","index":7,"matrix":[0.9685,-0.2482,0.0181,0,0.2175,0.8799,0.4224,0,-0.1208,-0.4052,0.9062,0,0,1.6172,0,1],"rest":[0.9834,-0.1237,-0.1325,0,0.1325,0.9894,0.0598,0,0.1237,-0.0763,0.9894,0,0,1.6172,0,1],"parentBoneIndex":6,"length":0.4
,"animation":{"dataType":3,"framePerSecond":24,"keys":[
{"frame":1,"values":[0.9713,-0.1829,-0.1519,0,0.1926,0.98,0.0512,0,0.1395,-0.0789,0.9871,0,0,1.6172,0,1]},
{"frame":21,"values":[0.973,-0.1863,-0.1362,0,0.1988,0.9764,0.0847,0,0.1172,-0.1095,0.9871,0,0,1.6172,0,1]},
{"frame":22,"values":[0.9758,-0.1985,-0.092,0,0.2123,0.9606,0.1796,0,0.0527,-0.1948,0.9794,0,0,1.6172,0,1]},
{"frame":23,"values":[0.9749,-0.2197,-0.0367,0,0.2205,0.9281,0.3002,0,-0.0319,-0.3007,0.9532,0,0,1.6172,0,1]},
{"frame":24,"values":[0.9707,-0.2402,0.0042,0,0.2194,0.8938,0.3911,0,-0.0977,-0.3787,0.9203,0,0,1.6172,0,1]},
{"frame":25,"values":[0.9685,-0.2482,0.0181,0,0.2175,0.8799,0.4224,0,-0.1208,-0.4052,0.9062,0,0,1.6172,0,1]}],"loopBehavior":1,"name":"anim","property":"_matrix"}},
{"name":"clavicleL","index":8,"matrix":[-0.2614,-0.6669,0.6978,0,0.9202,-0.3905,-0.0285,0,0.2915,0.6346,0.7158,0,0.2418,1.227,-0.0299,1],"rest":[-0.3096,-0.6757,0.669,0,0.9307,-0.3596,0.0674,0,0.195,0.6435,0.7402,0,0.2418,1.227,-0.0299,1],"parentBoneIndex":1,"length":1.2419
,"animation":{"dataType":3,"framePerSecond":24,"keys":[
{"frame":1,"values":[-0.0524,-0.6669,0.7433,0,0.8742,-0.3905,-0.2887,0,0.4828,0.6346,0.6035,0,0.2418,1.227,-0.0299,1]},
{"frame":2,"values":[-0.0357,-0.6666,0.7446,0,0.8624,-0.397,-0.314,0,0.5049,0.6309,0.5891,0,0.2418,1.227,-0.0299,1]},
{"frame":3,"values":[0.0081,-0.6663,0.7456,0,0.828,-0.4136,-0.3786,0,0.5607,0.6204,0.5484,0,0.2418,1.227,-0.0299,1]},
{"frame":4,"values":[0.0518,-0.6669,0.7433,0,0.7884,-0.4296,-0.4403,0,0.613,0.6089,0.5035,0,0.2418,1.227,-0.0299,1]},
{"frame":5,"values":[0.0684,-0.6674,0.7416,0,0.772,-0.4354,-0.4631,0,0.6319,0.6042,0.4854,0,0.2418,1.227,-0.0299,1]},
{"frame":6,"values":[0.0629,-0.6672,0.7422,0,0.7776,-0.4335,-0.4555,0,0.6256,0.6058,0.4915,0,0.2418,1.227,-0.0299,1]},
{"frame":7,"values":[0.0458,-0.6668,0.7439,0,0.7942,-0.4274,-0.432,0,0.606,0.6105,0.5099,0,0.2418,1.227,-0.0299,1]},
{"frame":8,"values":[0.0201,-0.6664,0.7453,0,0.8176,-0.4181,-0.3958,0,0.5754,0.6174,0.5365,0,0.2418,1.227,-0.0299,1]},
{"frame":9,"values":[-0.0073,-0.6663,0.7456,0,0.8406,-0.4079,-0.3563,0,0.5416,0.6242,0.5631,0,0.2418,1.227,-0.0299,1]},
{"frame":10,"values":[-0.0302,-0.6665,0.7449,0,0.8584,-0.3991,-0.3223,0,0.5122,0.6296,0.5842,0,0.2418,1.227,-0.0299,1]},
{"frame":11,"values":[-0.0531,-0.6669,0.7432,0,0.8746,-0.3902,-0.2877,0,0.4819,0.6348,0.604,0,0.2418,1.227,-0.0299,1]},
{"frame":12,"values":[-0.0803,-0.6678,0.74,0,0.8921,-0.3793,-0.2455,0,0.4446,0.6405,0.6262,0,0.2418,1.227,-0.0299,1]},
{"frame":13,"values":[-0.1058,-0.6688,0.7358,0,0.9066,-0.3689,-0.205,0,0.4085,0.6454,0.6454,0,0.2418,1.227,-0.0299,1]},
{"frame":14,"values":[-0.1226,-0.6697,0.7324,0,0.9152,-0.3618,-0.1777,0,0.384,0.6485,0.6573,0,0.2418,1.227,-0.0299,1]},
{"frame":15,"values":[-0.1281,-0.67,0.7312,0,0.9178,-0.3595,-0.1687,0,0.3759,0.6495,0.661,0,0.2418,1.227,-0.0299,1]},
{"frame":16,"values":[-0.1214,-0.6697,0.7327,0,0.9146,-0.3623,-0.1796,0,0.3857,0.6483,0.6565,0,0.2418,1.227,-0.0299,1]},
{"frame":17,"values":[-0.1026,-0.6687,0.7364,0,0.9049,-0.3702,-0.21,0,0.4131,0.6448,0.6431,0,0.2418,1.227,-0.0299,1]},
{"frame":18,"values":[-0.0783,-0.6677,0.7403,0,0.8909,-0.3801,-0.2487,0,0.4475,0.6401,0.6246,0,0.2418,1.227,-0.0299,1]},
{"frame":19,"values":[-0.0592,-0.6671,0.7426,0,0.8787,-0.3878,-0.2783,0,0.4736,0.6361,0.6091,0,0.2418,1.227,-0.0299,1]},
{"frame":20,"values":[-0.0524,-0.6669,0.7433,0,0.8742,-0.3905,-0.2887,0,0.4828,0.6346,0.6035,0,0.2418,1.227,-0.0299,1]},
{"frame":21,"values":[-0.0714,-0.6669,0.7417,0,0.8813,-0.3905,-0.2663,0,0.4672,0.6346,0.6156,0,0.2418,1.227,-0.0299,1]},
{"frame":22,"values":[-0.1246,-0.6669,0.7346,0,0.8982,-0.3905,-0.2021,0,0.4216,0.6346,0.6477,0,0.2418,1.227,-0.0299,1]},
{"frame":23,"values":[-0.1921,-0.6669,0.7199,0,0.913,-0.3905,-0.1181,0,0.3599,0.6346,0.6839,0,0.2418,1.227,-0.0299,1]},
{"frame":24,"values":[-0.2435,-0.6669,0.7042,0,0.9191,-0.3905,-0.052,0,0.3096,0.6346,0.7081,0,0.2418,1.227,-0.0299,1]},
{"frame":25,"values":[-0.2614,-0.6669,0.6978,0,0.9202,-0.3905,-0.0285,0,0.2915,0.6346,0.7158,0,0.2418,1.227,-0.0299,1]}],"loopBehavior":1,"name":"anim","property":"_matrix"}},
{"name":"upperArmL","index":9,"matrix":[-0.7861,0.5181,-0.3371,0,0.6018,0.5168,-0.6089,0,-0.1412,-0.6816,-0.718,0,0.0047,1.2477,-0.0022,1],"rest":[-0.2998,0.8674,0.3972,0,0.6026,0.495,-0.626,0,-0.7396,0.0517,-0.6711,0,0.0047,1.2477,-0.0022,1],"parentBoneIndex":8,"length":1.3158
,"animation":{"dataType":3,"framePerSecond":24,"keys":[
{"frame":1,"values":[-0.7861,0.5181,-0.3371,0,0.6018,0.5168,-0.6089,0,-0.1412,-0.6816,-0.718,0,0.0047,1.2477,-0.0022,1]},
{"frame":25,"values":[-0.7861,0.5181,-0.3371,0,0.6018,0.5168,-0.6089,0,-0.1412,-0.6816,-0.718,0,0.0047,1.2477,-0.0022,1]}],"loopBehavior":1,"name":"anim","property":"_matrix"}},
{"name":"lowerArmL","index":10,"matrix":[0.7375,0.5318,-0.4163,0,-0.6691,0.4914,-0.5576,0,-0.092,0.6897,0.7182,0,0,1.3158,0,1],"rest":[0.9995,0.0153,0.0282,0,-0.0122,0.9943,-0.1062,0,-0.0296,0.1058,0.9939,0,0,1.3158,0,1],"parentBoneIndex":9,"length":1.6172
,"animation":{"dataType":3,"framePerSecond":24,"keys":[
{"frame":1,"values":[0.3002,0.7887,-0.5366,0,-0.7231,-0.1786,-0.6672,0,-0.622,0.5883,0.5167,0,0,1.3158,0,1]},
{"frame":21,"values":[0.3438,0.7804,-0.5222,0,-0.7377,-0.1196,-0.6644,0,-0.581,0.6137,0.5346,0,0,1.3158,0,1]},
{"frame":22,"values":[0.4653,0.7407,-0.4845,0,-0.7592,0.0526,-0.6488,0,-0.4551,0.6697,0.5868,0,0,1.3158,0,1]},
{"frame":23,"values":[0.6104,0.6555,-0.4446,0,-0.7412,0.2748,-0.6124,0,-0.2792,0.7034,0.6537,0,0,1.3158,0,1]},
{"frame":24,"values":[0.7074,0.5669,-0.4222,0,-0.6928,0.4375,-0.5732,0,-0.1402,0.698,0.7022,0,0,1.3158,0,1]},
{"frame":25,"values":[0.7375,0.5318,-0.4163,0,-0.6691,0.4914,-0.5576,0,-0.092,0.6897,0.7182,0,0,1.3158,0,1]}],"loopBehavior":1,"name":"anim","property":"_matrix"}},
{"name":"handL","index":11,"matrix":[0.9363,0.2572,0.2392,0,-0.2058,0.9536,-0.2197,0,-0.2846,0.1565,0.9458,0,0,1.6172,0,1],"rest":[0.9834,0.1237,0.1325,0,-0.1325,0.9894,0.0598,0,-0.1237,-0.0763,0.9894,0,0,1.6172,0,1],"parentBoneIndex":10,"length":0.4
,"animation":{"dataType":3,"framePerSecond":24,"keys":[
{"frame":1,"values":[0.9363,0.2572,0.2392,0,-0.2058,0.9536,-0.2197,0,-0.2846,0.1565,0.9458,0,0,1.6172,0,1]},
{"frame":25,"values":[0.9363,0.2572,0.2392,0,-0.2058,0.9536,-0.2197,0,-0.2846,0.1565,0.9458,0,0,1.6172,0,1]}],"loopBehavior":1,"name":"anim","property":"_matrix"}},
{"name":"upperLegL","index":12,"matrix":[0.9949,0.0733,0.0695,0,0.0695,-0.996,0.0556,0,0.0733,-0.0505,-0.996,0,0.5309,-0.0011,0.0086,1],"rest":[0.9949,0.0733,0.0695,0,0.0695,-0.996,0.0556,0,0.0733,-0.0505,-0.996,0,0.5309,-0.0011,0.0086,1],"parentBoneIndex":0,"length":2.5374
,"animation":{"dataType":3,"framePerSecond":24,"keys":[
{"frame":1,"values":[0.9889,0.1474,-0.0183,0,0.1292,-0.7925,0.5961,0,0.0733,-0.5918,-0.8027,0,0.5309,-0.0011,0.0086,1]},
{"frame":2,"values":[0.9898,0.1421,-0.0081,0,0.1228,-0.8239,0.5532,0,0.0719,-0.5486,-0.833,0,0.5309,-0.0011,0.0086,1]},
{"frame":3,"values":[0.9921,0.124,0.02,0,0.1045,-0.9032,0.4162,0,0.0696,-0.4109,-0.909,0,0.5309,-0.0011,0.0086,1]},
{"frame":4,"values":[0.994,0.0963,0.0506,0,0.0829,-0.9716,0.2215,0,0.0705,-0.216,-0.9738,0,0.5309,-0.0011,0.0086,1]},
{"frame":5,"values":[0.9949,0.0733,0.0695,0,0.0695,-0.996,0.0556,0,0.0733,-0.0505,-0.996,0,0.5309,-0.0011,0.0086,1]},
{"frame":6,"values":[0.9951,0.0571,0.0809,0,0.0643,-0.9939,-0.0892,0,0.0753,0.0939,-0.9927,0,0.5309,-0.0011,0.0086,1]},
{"frame":7,"values":[0.9951,0.0424,0.0896,0,0.0635,-0.967,-0.2468,0,0.0762,0.2513,-0.9649,0,0.5309,-0.0011,0.0086,1]},
{"frame":8,"values":[0.995,0.0315,0.095,0,0.0658,-0.9213,-0.3831,0,0.0754,0.3875,-0.9188,0,0.5309,-0.0011,0.0086,1]},
{"frame":9,"values":[0.9949,0.0256,0.0975,0,0.0684,-0.8816,-0.467,0,0.074,0.4713,-0.8789,0,0.5309,-0.0011,0.0086,1]},
{"frame":10,"values":[0.9949,0.0239,0.0982,0,0.0695,-0.8672,-0.493,0,0.0733,0.4973,-0.8645,0,0.5309,-0.0011,0.0086,1]},
{"frame":11,"values":[0.9949,0.0245,0.0979,0,0.0688,-0.8742,-0.4807,0,0.0738,0.485,-0.8714,0,0.5309,-0.0011,0.0086,1]},
{"frame":12,"values":[0.9949,0.0271,0.0969,0,0.0671,-0.8962,-0.4385,0,0.0749,0.4428,-0.8935,0,0.5309,-0.0011,0.0086,1]},
{"frame":13,"values":[0.9949,0.0335,0.0945,0,0.0657,-0.9295,-0.3629,0,0.0757,0.3673,-0.927,0,0.5309,-0.0011,0.0086,1]},
{"frame":14,"values":[0.995,0.044,0.09,0,0.0662,-0.9629,-0.2617,0,0.0751,0.2663,-0.9609,0,0.5309,-0.0011,0.0086,1]},
{"frame":15,"values":[0.9949,0.0576,0.083,0,0.0695,-0.9865,-0.1484,0,0.0733,0.1534,-0.9854,0,0.5309,-0.0011,0.0086,1]},
{"frame":16,"values":[0.9944,0.0786,0.0699,0,0.0783,-0.9969,0.0067,0,0.0702,-0.0012,-0.9975,0,0.5309,-0.0011,0.0086,1]},
{"frame":17,"values":[0.9932,0.1071,0.0453,0,0.0945,-0.9704,0.2222,0,0.0678,-0.2164,-0.9739,0,0.5309,-0.0011,0.0086,1]},
{"frame":18,"values":[0.9912,0.1312,0.0141,0,0.1126,-0.8965,0.4284,0,0.0689,-0.4231,-0.9035,0,0.5309,-0.0011,0.0086,1]},
{"frame":19,"values":[0.9895,0.144,-0.01,0,0.1251,-0.8213,0.5567,0,0.0719,-0.5521,-0.8307,0,0.5309,-0.0011,0.0086,1]},
{"frame":20,"values":[0.9889,0.1474,-0.0183,0,0.1292,-0.7925,0.5961,0,0.0733,-0.5918,-0.8027,0,0.5309,-0.0011,0.0086,1]},
{"frame":21,"values":[0.9896,0.1433,-0.0094,0,0.1243,-0.8217,0.5562,0,0.072,-0.5516,-0.831,0,0.5309,-0.0011,0.0086,1]},
{"frame":22,"values":[0.9915,0.129,0.0151,0,0.1098,-0.8945,0.4333,0,0.0694,-0.428,-0.9011,0,0.5309,-0.0011,0.0086,1]},
{"frame":23,"values":[0.9935,0.1049,0.0441,0,0.0902,-0.9623,0.2566,0,0.0693,-0.2509,-0.9655,0,0.5309,-0.0011,0.0086,1]},
{"frame":24,"values":[0.9946,0.0821,0.0635,0,0.0749,-0.9912,0.1091,0,0.0718,-0.1037,-0.992,0,0.5309,-0.0011,0.0086,1]},
{"frame":25,"values":[0.9949,0.0733,0.0695,0,0.0695,-0.996,0.0556,0,0.0733,-0.0505,-0.996,0,0.5309,-0.0011,0.0086,1]}],"loopBehavior":1,"name":"anim","property":"_matrix"}},
{"name":"lowerLegL","index":13,"matrix":[0.9958,0.0637,0.0664,0,-0.0719,0.9891,0.1282,0,-0.0575,-0.1325,0.9895,0,0,2.5374,0,1],"rest":[0.9958,0.0637,0.0664,0,-0.0719,0.9891,0.1282,0,-0.0575,-0.1325,0.9895,0,0,2.5374,0,1],"parentBoneIndex":12,"length":2.6477
,"animation":{"dataType":3,"framePerSecond":24,"keys":[
{"frame":1,"values":[0.9965,0.0742,0.0374,0,-0.0824,0.8228,0.5623,0,0.011,-0.5635,0.8261,0,0,2.5374,0,1]},
{"frame":2,"values":[0.9966,0.072,0.041,0,-0.0828,0.8566,0.5092,0,0.0016,-0.5109,0.8597,0,0,2.5374,0,1]},
{"frame":3,"values":[0.9964,0.0672,0.051,0,-0.081,0.9302,0.358,0,-0.0234,-0.3608,0.9323,0,0,2.5374,0,1]},
{"frame":4,"values":[0.996,0.0642,0.062,0,-0.075,0.9783,0.1933,0,-0.0482,-0.1972,0.9792,0,0,2.5374,0,1]},
{"frame":5,"values":[0.9958,0.0637,0.0664,0,-0.0719,0.9891,0.1282,0,-0.0575,-0.1325,0.9895,0,0,2.5374,0,1]},
{"frame":6,"values":[0.9957,0.0642,0.0662,0,-0.0738,0.9853,0.1541,0,-0.0554,-0.1584,0.9858,0,0,2.5374,0,1]},
{"frame":7,"values":[0.9957,0.0648,0.0658,0,-0.0785,0.9692,0.2335,0,-0.0487,-0.2377,0.9701,0,0,2.5374,0,1]},
{"frame":8,"values":[0.9957,0.0657,0.0653,0,-0.0845,0.9325,0.3512,0,-0.0378,-0.3552,0.934,0,0,2.5374,0,1]},
{"frame":9,"values":[0.9957,0.0667,0.0648,0,-0.0894,0.8766,0.4727,0,-0.0253,-0.4765,0.8788,0,0,2.5374,0,1]},
{"frame":10,"values":[0.9956,0.0676,0.0645,0,-0.0924,0.8152,0.5718,0,-0.0139,-0.5752,0.8179,0,0,2.5374,0,1]},
{"frame":11,"values":[0.9956,0.0686,0.0646,0,-0.0942,0.7376,0.6686,0,-0.0017,-0.6717,0.7408,0,0,2.5374,0,1]},
{"frame":12,"values":[0.9954,0.0697,0.0651,0,-0.0944,0.6248,0.775,0,0.0133,-0.7776,0.6286,0,0,2.5374,0,1]},
{"frame":13,"values":[0.9953,0.0707,0.0657,0,-0.0924,0.501,0.8605,0,0.0279,-0.8626,0.5052,0,0,2.5374,0,1]},
{"frame":14,"values":[0.9953,0.0716,0.0657,0,-0.0895,0.4106,0.9074,0,0.038,-0.909,0.4151,0,0,2.5374,0,1]},
{"frame":15,"values":[0.9952,0.0727,0.0648,0,-0.0877,0.38,0.9208,0,0.0423,-0.9221,0.3845,0,0,2.5374,0,1]},
{"frame":16,"values":[0.9953,0.0742,0.0615,0,-0.0869,0.4149,0.9057,0,0.0417,-0.9068,0.4194,0,0,2.5374,0,1]},
{"frame":17,"values":[0.9956,0.076,0.0547,0,-0.0861,0.5139,0.8535,0,0.0367,-0.8545,0.5182,0,0,2.5374,0,1]},
{"frame":18,"values":[0.996,0.0765,0.0465,0,-0.0849,0.642,0.762,0,0.0285,-0.7629,0.6459,0,0,2.5374,0,1]},
{"frame":19,"values":[0.9963,0.0756,0.0401,0,-0.0834,0.7514,0.6545,0,0.0193,-0.6555,0.755,0,0,2.5374,0,1]},
{"frame":20,"values":[0.9965,0.0742,0.0374,0,-0.0824,0.8228,0.5623,0,0.011,-0.5635,0.8261,0,0,2.5374,0,1]},
{"frame":21,"values":[0.9966,0.072,0.0392,0,-0.0819,0.8794,0.4689,0,-0.0007,-0.4705,0.8824,0,0,2.5374,0,1]},
{"frame":22,"values":[0.9966,0.0685,0.0461,0,-0.0803,0.9331,0.3506,0,-0.019,-0.3531,0.9354,0,0,2.5374,0,1]},
{"frame":23,"values":[0.9963,0.0655,0.0558,0,-0.0769,0.9692,0.2338,0,-0.0388,-0.2372,0.9707,0,0,2.5374,0,1]},
{"frame":24,"values":[0.9959,0.0641,0.0636,0,-0.0733,0.9853,0.1543,0,-0.0527,-0.1583,0.986,0,0,2.5374,0,1]},
{"frame":25,"values":[0.9958,0.0637,0.0664,0,-0.0719,0.9891,0.1282,0,-0.0575,-0.1325,0.9895,0,0,2.5374,0,1]}],"loopBehavior":1,"name":"anim","property":"_matrix"}},
{"name":"footL","index":14,"matrix":[1,0.0067,0.0062,0,0.0048,0.1935,-0.9811,0,-0.0077,0.9811,0.1935,0,0,2.6477,0,1],"rest":[1,0.0067,0.0062,0,0.0048,0.1935,-0.9811,0,-0.0077,0.9811,0.1935,0,0,2.6477,0,1],"parentBoneIndex":13,"length":0.9828
,"animation":{"dataType":3,"framePerSecond":24,"keys":[
{"frame":1,"values":[0.9997,0.0112,0.0227,0,0.0237,-0.0925,-0.9954,0,-0.0091,0.9957,-0.0927,0,0,2.6477,0,1]},
{"frame":2,"values":[0.9997,0.0104,0.0205,0,0.0212,-0.0674,-0.9975,0,-0.009,0.9977,-0.0676,0,0,2.6477,0,1]},
{"frame":3,"values":[0.9999,0.0085,0.0146,0,0.0145,0.0077,-0.9999,0,-0.0087,0.9999,0.0076,0,0,2.6477,0,1]},
{"frame":4,"values":[0.9999,0.0071,0.0085,0,0.0077,0.1075,-0.9942,0,-0.0079,0.9942,0.1075,0,0,2.6477,0,1]},
{"frame":5,"values":[1,0.0067,0.0062,0,0.0048,0.1935,-0.9811,0,-0.0077,0.9811,0.1935,0,0,2.6477,0,1]},
{"frame":6,"values":[1,0.0067,0.0062,0,0.0042,0.2657,-0.964,0,-0.0081,0.964,0.2657,0,0,2.6477,0,1]},
{"frame":7,"values":[1,0.0067,0.0062,0,0.0035,0.3381,-0.9411,0,-0.0084,0.9411,0.338,0,0,2.6477,0,1]},
{"frame":8,"values":[1,0.0067,0.0062,0,0.0029,0.4086,-0.9127,0,-0.0086,0.9127,0.4086,0,0,2.6477,0,1]},
{"frame":9,"values":[1,0.0067,0.0062,0,0.0023,0.4753,-0.8798,0,-0.0088,0.8798,0.4752,0,0,2.6477,0,1]},
{"frame":10,"values":[1,0.0067,0.0062,0,0.0016,0.5369,-0.8437,0,-0.0089,0.8436,0.5368,0,0,2.6477,0,1]},
{"frame":11,"values":[1,0.0067,0.0062,0,0.0009,0.6022,-0.7984,0,-0.009,0.7983,0.6022,0,0,2.6477,0,1]},
{"frame":12,"values":[1,0.0067,0.0062,0,0.0001,0.6731,-0.7396,0,-0.0091,0.7395,0.6731,0,0,2.6477,0,1]},
{"frame":13,"values":[1,0.0067,0.0062,0,-0.0007,0.7337,-0.6795,0,-0.0091,0.6795,0.7337,0,0,2.6477,0,1]},
{"frame":14,"values":[1,0.0067,0.0062,0,-0.0012,0.7707,-0.6372,0,-0.009,0.6372,0.7707,0,0,2.6477,0,1]},
{"frame":15,"values":[1,0.0067,0.0062,0,-0.0014,0.7822,-0.6231,0,-0.009,0.623,0.7821,0,0,2.6477,0,1]},
{"frame":16,"values":[0.9999,0.0064,0.0077,0,0.0007,0.7256,-0.6881,0,-0.01,0.6881,0.7256,0,0,2.6477,0,1]},
{"frame":17,"values":[0.9999,0.0063,0.0122,0,0.0069,0.5334,-0.8458,0,-0.0118,0.8458,0.5333,0,0,2.6477,0,1]},
{"frame":18,"values":[0.9998,0.0079,0.0178,0,0.0154,0.2359,-0.9716,0,-0.0119,0.9717,0.2358,0,0,2.6477,0,1]},
{"frame":19,"values":[0.9997,0.0102,0.0216,0,0.0217,-0.0081,-0.9997,0,-0.0101,0.9999,-0.0083,0,0,2.6477,0,1]},
{"frame":20,"values":[0.9997,0.0112,0.0227,0,0.0237,-0.0925,-0.9954,0,-0.0091,0.9957,-0.0927,0,0,2.6477,0,1]},
{"frame":21,"values":[0.9997,0.0107,0.0213,0,0.022,-0.0673,-0.9975,0,-0.0092,0.9977,-0.0676,0,0,2.6477,0,1]},
{"frame":22,"values":[0.9998,0.0092,0.0173,0,0.0173,0.0041,-0.9998,0,-0.0092,0.9999,0.004,0,0,2.6477,0,1]},
{"frame":23,"values":[0.9999,0.0077,0.012,0,0.0112,0.0965,-0.9953,0,-0.0088,0.9953,0.0964,0,0,2.6477,0,1]},
{"frame":24,"values":[0.9999,0.0069,0.0077,0,0.0064,0.1682,-0.9857,0,-0.0081,0.9857,0.1682,0,0,2.6477,0,1]},
{"frame":25,"values":[1,0.0067,0.0062,0,0.0048,0.1935,-0.9811,0,-0.0077,0.9811,0.1935,0,0,2.6477,0,1]}],"loopBehavior":1,"name":"anim","property":"_matrix"}},
{"name":"upperLegR","index":15,"matrix":[0.9949,-0.0733,-0.0695,0,-0.0695,-0.996,0.0556,0,-0.0733,-0.0505,-0.996,0,-0.527,-0.0011,0.0086,1],"rest":[0.9949,-0.0733,-0.0695,0,-0.0695,-0.996,0.0556,0,-0.0733,-0.0505,-0.996,0,-0.527,-0.0011,0.0086,1],"parentBoneIndex":0,"length":2.5374
,"animation":{"dataType":3,"framePerSecond":24,"keys":[
{"frame":1,"values":[0.9946,-0.0321,-0.0982,0,-0.0701,-0.9074,-0.4143,0,-0.0758,0.419,-0.9048,0,-0.527,-0.0011,0.0086,1]},
{"frame":2,"values":[0.9946,-0.035,-0.0972,0,-0.0701,-0.9194,-0.3869,0,-0.0758,0.3917,-0.917,0,-0.527,-0.0011,0.0086,1]},
{"frame":3,"values":[0.9946,-0.0439,-0.0935,0,-0.0701,-0.9516,-0.2992,0,-0.0758,0.3041,-0.9496,0,-0.527,-0.0011,0.0086,1]},
{"frame":4,"values":[0.9946,-0.0562,-0.0867,0,-0.0702,-0.9833,-0.1678,0,-0.0758,0.173,-0.982,0,-0.527,-0.0011,0.0086,1]},
{"frame":5,"values":[0.9946,-0.0675,-0.0783,0,-0.0702,-0.997,-0.0321,0,-0.0758,0.0375,-0.9964,0,-0.527,-0.0011,0.0086,1]},
{"frame":6,"values":[0.9946,-0.0793,-0.0663,0,-0.0702,-0.989,0.1302,0,-0.0758,-0.1249,-0.9893,0,-0.527,-0.0011,0.0086,1]},
{"frame":7,"values":[0.9946,-0.0918,-0.0474,0,-0.0702,-0.9367,0.3429,0,-0.0758,-0.3378,-0.9382,0,-0.527,-0.0011,0.0086,1]},
{"frame":8,"values":[0.9946,-0.1,-0.0259,0,-0.0702,-0.8378,0.5414,0,-0.0758,-0.5367,-0.8404,0,-0.527,-0.0011,0.0086,1]},
{"frame":9,"values":[0.9946,-0.1028,-0.0103,0,-0.0702,-0.7453,0.6631,0,-0.0758,-0.6588,-0.7485,0,-0.527,-0.0011,0.0086,1]},
{"frame":10,"values":[0.9946,-0.1032,-0.0051,0,-0.0702,-0.7106,0.7001,0,-0.0758,-0.696,-0.714,0,-0.527,-0.0011,0.0086,1]},
{"frame":11,"values":[0.9946,-0.1028,-0.0091,0,-0.0702,-0.7388,0.6702,0,-0.0756,-0.666,-0.7421,0,-0.527,-0.0011,0.0086,1]},
{"frame":12,"values":[0.9947,-0.1004,-0.0216,0,-0.0702,-0.818,0.5709,0,-0.075,-0.5664,-0.8207,0,-0.527,-0.0011,0.0086,1]},
{"frame":13,"values":[0.9948,-0.0939,-0.0398,0,-0.07,-0.9126,0.4028,0,-0.0741,-0.398,-0.9144,0,-0.527,-0.0011,0.0086,1]},
{"frame":14,"values":[0.9948,-0.0836,-0.0573,0,-0.0697,-0.9749,0.2113,0,-0.0735,-0.2062,-0.9757,0,-0.527,-0.0011,0.0086,1]},
{"frame":15,"values":[0.9949,-0.0733,-0.0695,0,-0.0695,-0.996,0.0556,0,-0.0733,-0.0505,-0.996,0,-0.527,-0.0011,0.0086,1]},
{"frame":16,"values":[0.9948,-0.0631,-0.0791,0,-0.0694,-0.9944,-0.0797,0,-0.0736,0.0848,-0.9937,0,-0.527,-0.0011,0.0086,1]},
{"frame":17,"values":[0.9948,-0.0514,-0.0878,0,-0.0695,-0.9735,-0.2181,0,-0.0743,0.223,-0.972,0,-0.527,-0.0011,0.0086,1]},
{"frame":18,"values":[0.9947,-0.0408,-0.0941,0,-0.0698,-0.9415,-0.3297,0,-0.0751,0.3346,-0.9394,0,-0.527,-0.0011,0.0086,1]},
{"frame":19,"values":[0.9947,-0.0341,-0.0973,0,-0.07,-0.9161,-0.3948,0,-0.0756,0.3995,-0.9136,0,-0.527,-0.0011,0.0086,1]},
{"frame":20,"values":[0.9946,-0.0321,-0.0982,0,-0.0701,-0.9074,-0.4143,0,-0.0758,0.419,-0.9048,0,-0.527,-0.0011,0.0086,1]},
{"frame":21,"values":[0.9947,-0.0361,-0.0966,0,-0.07,-0.9239,-0.3762,0,-0.0756,0.381,-0.9215,0,-0.527,-0.0011,0.0086,1]},
{"frame":22,"values":[0.9947,-0.0472,-0.091,0,-0.0698,-0.962,-0.2638,0,-0.075,0.2688,-0.9603,0,-0.527,-0.0011,0.0086,1]},
{"frame":23,"values":[0.9948,-0.0607,-0.0817,0,-0.0696,-0.9914,-0.1109,0,-0.0742,0.116,-0.9905,0,-0.527,-0.0011,0.0086,1]},
{"frame":24,"values":[0.9948,-0.0702,-0.0729,0,-0.0695,-0.9975,0.0119,0,-0.0735,-0.0067,-0.9973,0,-0.527,-0.0011,0.0086,1]},
{"frame":25,"values":[0.9949,-0.0733,-0.0695,0,-0.0695,-0.996,0.0556,0,-0.0733,-0.0505,-0.996,0,-0.527,-0.0011,0.0086,1]}],"loopBehavior":1,"name":"anim","property":"_matrix"}},
{"name":"lowerLegR","index":16,"matrix":[0.9958,-0.0637,-0.0664,0,0.0719,0.9891,0.1282,0,0.0575,-0.1325,0.9895,0,0,2.5374,0,1],"rest":[0.9958,-0.0637,-0.0664,0,0.0719,0.9891,0.1282,0,0.0575,-0.1325,0.9895,0,0,2.5374,0,1],"parentBoneIndex":15,"length":2.6477
,"animation":{"dataType":3,"framePerSecond":24,"keys":[
{"frame":1,"values":[0.9955,-0.0738,-0.0601,0,0.0886,0.4868,0.869,0,-0.0348,-0.8704,0.4911,0,0,2.5374,0,1]},
{"frame":2,"values":[0.9954,-0.0749,-0.0604,0,0.0865,0.4218,0.9025,0,-0.0421,-0.9036,0.4263,0,0,2.5374,0,1]},
{"frame":3,"values":[0.9951,-0.0778,-0.0616,0,0.0787,0.2401,0.9675,0,-0.0605,-0.9676,0.2451,0,0,2.5374,0,1]},
{"frame":4,"values":[0.9948,-0.0804,-0.0633,0,0.0675,0.0495,0.9965,0,-0.0769,-0.9955,0.0547,0,0,2.5374,0,1]},
{"frame":5,"values":[0.9946,-0.0812,-0.0641,0,0.0624,-0.0235,0.9978,0,-0.0826,-0.9964,-0.0183,0,0,2.5374,0,1]},
{"frame":6,"values":[0.9947,-0.0804,-0.0633,0,0.0667,0.04,0.997,0,-0.0776,-0.996,0.0452,0,0,2.5374,0,1]},
{"frame":7,"values":[0.9951,-0.0777,-0.0614,0,0.0775,0.2251,0.9713,0,-0.0617,-0.9712,0.23,0,0,2.5374,0,1]},
{"frame":8,"values":[0.9955,-0.0736,-0.0597,0,0.0874,0.4685,0.8791,0,-0.0367,-0.8804,0.4729,0,0,2.5374,0,1]},
{"frame":9,"values":[0.9958,-0.0698,-0.0594,0,0.0908,0.6682,0.7385,0,-0.0118,-0.7407,0.6717,0,0,2.5374,0,1]},
{"frame":10,"values":[0.9959,-0.0675,-0.06,0,0.0901,0.7845,0.6135,0,0.0057,-0.6164,0.7874,0,0,2.5374,0,1]},
{"frame":11,"values":[0.9959,-0.0661,-0.0611,0,0.0878,0.8628,0.4978,0,0.0198,-0.5011,0.8651,0,0,2.5374,0,1]},
{"frame":12,"values":[0.9959,-0.0649,-0.0628,0,0.0833,0.9285,0.3619,0,0.0349,-0.3657,0.9301,0,0,2.5374,0,1]},
{"frame":13,"values":[0.9958,-0.0641,-0.0647,0,0.0777,0.9687,0.2359,0,0.0475,-0.2399,0.9696,0,0,2.5374,0,1]},
{"frame":14,"values":[0.9958,-0.0638,-0.0659,0,0.0733,0.9853,0.1541,0,0.0551,-0.1583,0.9858,0,0,2.5374,0,1]},
{"frame":15,"values":[0.9958,-0.0637,-0.0664,0,0.0719,0.9891,0.1282,0,0.0575,-0.1325,0.9895,0,0,2.5374,0,1]},
{"frame":16,"values":[0.9958,-0.0644,-0.0655,0,0.0768,0.9747,0.2098,0,0.0503,-0.2139,0.9756,0,0,2.5374,0,1]},
{"frame":17,"values":[0.9958,-0.0665,-0.0632,0,0.0874,0.8972,0.433,0,0.0279,-0.4367,0.8992,0,0,2.5374,0,1]},
{"frame":18,"values":[0.9957,-0.0699,-0.0611,0,0.0928,0.7258,0.6816,0,-0.0033,-0.6843,0.7292,0,0,2.5374,0,1]},
{"frame":19,"values":[0.9955,-0.0728,-0.0603,0,0.0906,0.5529,0.8283,0,-0.0269,-0.8301,0.557,0,0,2.5374,0,1]},
{"frame":20,"values":[0.9955,-0.0738,-0.0601,0,0.0886,0.4868,0.869,0,-0.0348,-0.8704,0.4911,0,0,2.5374,0,1]},
{"frame":21,"values":[0.9955,-0.0728,-0.0603,0,0.0904,0.5485,0.8312,0,-0.0275,-0.8329,0.5527,0,0,2.5374,0,1]},
{"frame":22,"values":[0.9957,-0.0701,-0.061,0,0.0928,0.7151,0.6929,0,-0.0049,-0.6955,0.7185,0,0,2.5374,0,1]},
{"frame":23,"values":[0.9958,-0.0667,-0.063,0,0.0879,0.8899,0.4476,0,0.0263,-0.4513,0.892,0,0,2.5374,0,1]},
{"frame":24,"values":[0.9958,-0.0644,-0.0654,0,0.0771,0.9734,0.2156,0,0.0498,-0.2197,0.9743,0,0,2.5374,0,1]},
{"frame":25,"values":[0.9958,-0.0637,-0.0664,0,0.0719,0.9891,0.1282,0,0.0575,-0.1325,0.9895,0,0,2.5374,0,1]}],"loopBehavior":1,"name":"anim","property":"_matrix"}},
{"name":"footR","index":17,"matrix":[1,-0.0067,-0.0062,0,-0.0048,0.1935,-0.9811,0,0.0077,0.9811,0.1935,0,0,2.6477,0,1],"rest":[1,-0.0067,-0.0062,0,-0.0048,0.1935,-0.9811,0,0.0077,0.9811,0.1935,0,0,2.6477,0,1],"parentBoneIndex":16,"length":0.9828
,"animation":{"dataType":3,"framePerSecond":24,"keys":[
{"frame":1,"values":[1,-0.0083,-0.0048,0,-0.0003,0.4738,-0.8806,0,0.0096,0.8806,0.4738,0,0,2.6477,0,1]},
{"frame":2,"values":[1,-0.0083,-0.0048,0,-0.0003,0.4727,-0.8812,0,0.0096,0.8812,0.4726,0,0,2.6477,0,1]},
{"frame":3,"values":[1,-0.0082,-0.0049,0,-0.0005,0.4638,-0.886,0,0.0095,0.8859,0.4637,0,0,2.6477,0,1]},
{"frame":4,"values":[1,-0.008,-0.005,0,-0.0009,0.4388,-0.8986,0,0.0094,0.8986,0.4387,0,0,2.6477,0,1]},
{"frame":5,"values":[1,-0.0078,-0.0052,0,-0.0017,0.3962,-0.9182,0,0.0092,0.9181,0.3962,0,0,2.6477,0,1]},
{"frame":6,"values":[1,-0.0073,-0.0055,0,-0.0029,0.3214,-0.9469,0,0.0087,0.9469,0.3214,0,0,2.6477,0,1]},
{"frame":7,"values":[1,-0.0067,-0.0061,0,-0.0046,0.2022,-0.9793,0,0.0078,0.9793,0.2022,0,0,2.6477,0,1]},
{"frame":8,"values":[1,-0.0061,-0.0069,0,-0.0064,0.0706,-0.9975,0,0.0066,0.9975,0.0706,0,0,2.6477,0,1]},
{"frame":9,"values":[1,-0.0058,-0.0074,0,-0.0076,-0.0242,-0.9997,0,0.0056,0.9997,-0.0242,0,0,2.6477,0,1]},
{"frame":10,"values":[1,-0.0057,-0.0076,0,-0.0079,-0.0563,-0.9984,0,0.0052,0.9984,-0.0564,0,0,2.6477,0,1]},
{"frame":11,"values":[1,-0.0057,-0.0075,0,-0.0078,-0.043,-0.999,0,0.0054,0.9991,-0.0431,0,0,2.6477,0,1]},
{"frame":12,"values":[1,-0.0059,-0.0073,0,-0.0073,-0.0015,-1,0,0.0058,1,-0.0016,0,0,2.6477,0,1]},
{"frame":13,"values":[1,-0.0061,-0.0069,0,-0.0065,0.0623,-0.998,0,0.0065,0.998,0.0623,0,0,2.6477,0,1]},
{"frame":14,"values":[1,-0.0064,-0.0065,0,-0.0056,0.1323,-0.9912,0,0.0072,0.9912,0.1323,0,0,2.6477,0,1]},
{"frame":15,"values":[1,-0.0067,-0.0062,0,-0.0048,0.1935,-0.9811,0,0.0077,0.9811,0.1935,0,0,2.6477,0,1]},
{"frame":16,"values":[1,-0.007,-0.0058,0,-0.0038,0.2581,-0.9661,0,0.0082,0.9661,0.258,0,0,2.6477,0,1]},
{"frame":17,"values":[1,-0.0074,-0.0054,0,-0.0026,0.3367,-0.9416,0,0.0088,0.9416,0.3366,0,0,2.6477,0,1]},
{"frame":18,"values":[1,-0.0079,-0.0051,0,-0.0014,0.4102,-0.912,0,0.0093,0.912,0.4102,0,0,2.6477,0,1]},
{"frame":19,"values":[1,-0.0082,-0.0049,0,-0.0006,0.4583,-0.8888,0,0.0095,0.8888,0.4583,0,0,2.6477,0,1]},
{"frame":20,"values":[1,-0.0083,-0.0048,0,-0.0003,0.4738,-0.8806,0,0.0096,0.8806,0.4738,0,0,2.6477,0,1]},
{"frame":21,"values":[1,-0.0081,-0.0049,0,-0.0007,0.4506,-0.8927,0,0.0095,0.8927,0.4505,0,0,2.6477,0,1]},
{"frame":22,"values":[1,-0.0077,-0.0052,0,-0.0019,0.383,-0.9237,0,0.0091,0.9237,0.383,0,0,2.6477,0,1]},
{"frame":23,"values":[1,-0.0072,-0.0056,0,-0.0033,0.2925,-0.9563,0,0.0085,0.9562,0.2924,0,0,2.6477,0,1]},
{"frame":24,"values":[1,-0.0068,-0.006,0,-0.0044,0.2197,-0.9756,0,0.0079,0.9755,0.2197,0,0,2.6477,0,1]},
{"frame":25,"values":[1,-0.0067,-0.0062,0,-0.0048,0.1935,-0.9811,0,0.0077,0.9811,0.1935,0,0,2.6477,0,1]}],"loopBehavior":1,"name":"anim","property":"_matrix"}}]
,"ranges":[{"name":"Animation","from":0,"to":25}]}],
"meshes":[{"name":"Man","id":"Man","materialId":"soldier_alpha_toon_material.Multimaterial#0","billboardMode":0,"position":[0,0,0],"rotation":[0,0,0],"scaling":[1,1,1],"isVisible":true,"freezeWorldMatrix":false,"isEnabled":true,"checkCollisions":false,"receiveShadows":false,"pickable":true,"tags":"","skeletonId":0,"numBoneInfluencers":6
,"positions":[0.4343,9.3765,0.4343,0.5307,9.9817,0.5943,0.6409,9.9817,0.3076,0.5611,10.318,-0.2397,0.7503,9.9819,0.0205,0.6404,10.352,0.0205,0.4006,9.2407,0.0235,0.6404,9.9819,-0.266,0.2651,9.9819,0.6639,0.2163,9.3097,0.4963,0.2192,9.2027,-0.5,0,9.9819,-0.7899,0.0065,9.028,-0.5506,0.2367,10.3737,-0.5715,0.2651,9.9819,-0.6713,0.019,8.965,-0.1698,0.2068,9.1033,-0.0782
,0.2707,8.9391,-0.0238,0.5511,9.0646,0.5122,0.2597,9.0402,0.5383,1.8631,6.4705,-1.0396,2.0373,6.4148,-1.2495,1.939,6.3952,-1.0168,2.0089,6.3037,-0.9905,1.6806,5.9197,-1.1547,1.7148,6.0839,-0.9572,2.0611,6.2006,-1.4374,2.1484,6.2692,-1.2076,1.9074,6.5436,-1.2885,1.5635,6.1512,-1.4577,1.8899,6.3951,-1.4947,1.569,6.2508,-1.0063,1.5695,6.0653,-1.1965,1.4397,6.1941,-1.2355
,1.6449,6.1755,-0.9835,1.6571,6.0583,-1.4296,1.9835,6.3022,-1.4666,1.7346,5.9566,-1.4004,-0.0047,9.2418,0.5647,-0.0146,9.0078,0.5945,0.5365,8.9994,0.0407,0.4374,9.3772,-0.4463,0.4818,10.2841,-0.5,0.5305,9.9819,-0.5526,0,9.9819,0.7341,-0.6395,9.9821,0.3054,-0.531,9.982,0.5922,-0.4342,9.3785,0.421,-0.5611,10.318,-0.2397,-0.7503,9.9819,0.0205,-0.6404,9.9819,-0.266
,-0.3717,9.2424,0.0155,-0.4199,9.3778,-0.4481,-0.2652,9.9819,0.6639,-0.2219,9.3095,0.4972,-0.2081,9.2026,-0.4983,-0.2651,9.9819,-0.6713,-0.2367,10.3737,-0.5715,-0.1722,8.9405,-0.0217,-0.1694,9.103,-0.071,-0.565,9.0815,0.3936,-0.3157,9.0414,0.523,0.243,7.4531,-1.0486,0.048,7.4146,-0.8538,0.009,7.4406,-0.9526,-0.0707,6.939,-1.1849,-0.04,7.4541,-1.0592,-0.1882,7.1173,-1.0383
,0.3408,7.2961,-1.2668,0.1651,7.4747,-1.2183,0.3098,7.4088,-0.8797,0.2787,6.8752,-1.0033,0.074,6.873,-0.8463,-0.1003,7.0778,-0.8328,0.0072,6.9174,-1.0153,-0.1393,7.1037,-0.9316,0.2306,6.9071,-1.1251,0.4433,7.2491,-1.0266,0.3952,7.281,-1.1484,0.1762,6.9222,-1.2435,-0.3865,9.0131,-0.0346,-0.4818,10.2841,-0.5,-0.5305,9.9819,-0.5526,-0.4332,10.6313,0.5374,-0.5299,10.2966,0.5468
