{"producer":{"name":"Blender","version":"2.79 (sub 0)","exporter_version":"5.6.4","file":"soldier_alpha.babylon"},
"autoClear":true,"clearColor":[0,0,0],"ambientColor":[0.2,0.2,0.3],"gravity":[0,-9.81,0],
"materials":[{"name":"soldier_alpha.SkinColor","id":"soldier_alpha.SkinColor","ambient":[1,1,1],"diffuse":[1,1,1],"specular":[0,0,0],"emissive":[0.1,0.1,0.1],"specularPower":50,"alpha":1,"backFaceCulling":true,"checkReadyOnlyOnce":false,"maxSimultaneousLights":4},
{"name":"soldier_alpha.Multicam_Cream","id":"soldier_alpha.Multicam_Cream","ambient":[1,1,1],"diffuse":[1,1,1],"specular":[0,0,0],"emissive":[0.1,0.1,0.1],"specularPower":50,"alpha":1,"backFaceCulling":true,"checkReadyOnlyOnce":false,"maxSimultaneousLights":4},
{"name":"soldier_alpha.Multicam_Brown","id":"soldier_alpha.Multicam_Brown","ambient":[1,1,1],"diffuse":[1,1,1],"specular":[0,0,0],"emissive":[0,0,0],"specularPower":50,"alpha":1,"backFaceCulling":true,"checkReadyOnlyOnce":false,"maxSimultaneousLights":4},
{"name":"soldier_alpha.Multicam_Olive","id":"soldier_alpha.Multicam_Olive","ambient":[1,1,1],"diffuse":[1,1,1],"specular":[0,0,0],"emissive":[0,0,0],"specularPower":50,"alpha":1,"backFaceCulling":true,"checkReadyOnlyOnce":false,"maxSimultaneousLights":4},
{"name":"soldier_alpha.Multicam_Tan","id":"soldier_alpha.Multicam_Tan","ambient":[1,1,1],"diffuse":[1,1,1],"specular":[0,0,0],"emissive":[0,0,0],"specularPower":50,"alpha":1,"backFaceCulling":true,"checkReadyOnlyOnce":false,"maxSimultaneousLights":4}],
"multiMaterials":[{"name":"soldier_alpha.Multimaterial#0","id":"soldier_alpha.Multimaterial#0","materials":["soldier_alpha.SkinColor","soldier_alpha.Multicam_Cream","soldier_alpha.Multicam_Brown","soldier_alpha.Multicam_Olive","soldier_alpha.Multicam_Tan"]}],
"skeletons":[{"name":"Armature","id":0,"dimensionsAtRest":[3.5982,10.7327,0.9465],"bones":[
{"name":"lowerTorso","index":0,"matrix":[1,-0.0043,-0.0004,0,0.0033,0.8201,-0.5722,0,-0.0028,-0.5722,-0.8201,0,0,3.4541,0.3,1],"rest":[1,0,0,0,0,1,0,0,0,0,-1,0,0,5.5,0.3,1],"parentBoneIndex":-1,"length":2.1
,"animation":{"dataType":3,"framePerSecond":24,"keys":[
{"frame":1,"values":[1,0,0,0,0,1,0,0,0,0,-1,0,0,5.192,0.3,1]},
{"frame":2,"values":[1,0,0,0,0,1,0,0,0,0,-1,0,0,5.2346,0.3,1]},
{"frame":3,"values":[1,0,0,0,0,1,0,0,0,0,-1,0,0,5.346,0.3,1]},
{"frame":4,"values":[1,0,0,0,0,1,0,0,0,0,-1,0,0,5.4574,0.3,1]},
{"frame":5,"values":[1,0,0,0,0,1,0,0,0,0,-1,0,0,5.5,0.3,1]},
{"frame":6,"values":[1,0,0,0,0,1,0,0,0,0,-1,0,0,5.4518,0.3,1]},
{"frame":7,"values":[1,0,0,0,0,1,0,0,0,0,-1,0,0,5.3162,0.3,1]},
{"frame":8,"values":[1,0,0,0,0,1,0,0,0,0,-1,0,0,5.1421,0.3,1]},
{"frame":9,"values":[1,0,0,0,0,1,0,0,0,0,-1,0,0,5.0065,0.3,1]},
{"frame":10,"values":[1,0,0,0,0,1,0,0,0,0,-1,0,0,4.9583,0.3,1]},
{"frame":11,"values":[1,0,0,0,0,1,0,0,0,0,-1,0,0,5.0065,0.3,1]},
{"frame":12,"values":[1,0,0,0,0,1,0,0,0,0,-1,0,0,5.1421,0.3,1]},
{"frame":13,"values":[1,0,0,0,0,1,0,0,0,0,-1,0,0,5.3162,0.3,1]},
{"frame":14,"values":[1,0,0,0,0,1,0,0,0,0,-1,0,0,5.4518,0.3,1]},
{"frame":15,"values":[1,0,0,0,0,1,0,0,0,0,-1,0,0,5.5,0.3,1]},
{"frame":16,"values":[1,0,0,0,0,1,0,0,0,0,-1,0,0,5.4726,0.3,1]},
{"frame":17,"values":[1,0,0,0,0,1,0,0,0,0,-1,0,0,5.3955,0.3,1]},
{"frame":18,"values":[1,0,0,0,0,1,0,0,0,0,-1,0,0,5.2965,0.3,1]},
{"frame":19,"values":[1,0,0,0,0,1,0,0,0,0,-1,0,0,5.2194,0.3,1]},
{"frame":20,"values":[1,0,0,0,0,1,0,0,0,0,-1,0,0,5.192,0.3,1]},
{"frame":21,"values":[1,0,0,0,0,1,0,0,0,0,-1,0,0,5.2194,0.3,1]},
{"frame":22,"values":[1,0,0,0,0,1,0,0,0,0,-1,0,0,5.2965,0.3,1]},
{"frame":23,"values":[1,0,0,0,0,1,0,0,0,0,-1,0,0,5.3955,0.3,1]},
{"frame":24,"values":[1,0,0,0,0,1,0,0,0,0,-1,0,0,5.4726,0.3,1]},
{"frame":25,"values":[1,0,0,0,0,1,0,0,0,0,-1,0,0,5.5,0.3,1]},
{"frame":68,"values":[1,0,0,0,0,1,0.0073,0,0,0.0073,-1,0,0,5.4686,0.3,1]},
{"frame":69,"values":[1,0,0,0,0,0.9996,0.0281,0,0,0.0281,-0.9996,0,0,5.38,0.3,1]},
{"frame":70,"values":[1,0,0,0,0,0.9985,0.0546,0,0,0.0546,-0.9985,0,0,5.2664,0.3,1]},
{"frame":71,"values":[1,0,0,0,0,0.9972,0.0753,0,0,0.0753,-0.9972,0,0,5.1778,0.3,1]},
{"frame":72,"values":[1,0,0,0,0,0.9966,0.0826,0,0,0.0826,-0.9966,0,0,5.1464,0.3,1]},
{"frame":73,"values":[1,0,0,0,0,0.9972,0.0753,0,0,0.0753,-0.9972,0,0,5.1778,0.3,1]},
{"frame":74,"values":[1,0,0,0,0,0.9985,0.0546,0,0,0.0546,-0.9985,0,0,5.2664,0.3,1]},
{"frame":75,"values":[1,0,0,0,0,0.9996,0.0281,0,0,0.0281,-0.9996,0,0,5.38,0.3,1]},
{"frame":76,"values":[1,0,0,0,0,1,0.0073,0,0,0.0073,-1,0,0,5.4686,0.3,1]},
{"frame":77,"values":[1,0,0,0,0,1,0,0,0,0,-1,0,0,5.5,0.3,1]},
{"frame":88,"values":[1,0,0,0,0,1,0,0,0,0,-1,0,0,5.4726,0.3,1]},
{"frame":89,"values":[1,0,0,0,0,1,0,0,0,0,-1,0,0,5.3955,0.3,1]},
{"frame":90,"values":[1,0,0,0,0,1,0,0,0,0,-1,0,0,5.2965,0.3,1]},
{"frame":91,"values":[1,0,0,0,0,1,0,0,0,0,-1,0,0,5.2194,0.3,1]},
{"frame":92,"values":[1,0,0,0,0,1,0,0,0,0,-1,0,0,5.192,0.3,1]},
{"frame":93,"values":[1,0,0,0,0,1,0,0,0,0,-1,0,0,5.2194,0.3,1]},
{"frame":94,"values":[1,0,0,0,0,1,0,0,0,0,-1,0,0,5.2965,0.3,1]},
{"frame":95,"values":[1,0,0,0,0,1,0,0,0,0,-1,0,0,5.3955,0.3,1]},
{"frame":96,"values":[1,0,0,0,0,1,0,0,0,0,-1,0,0,5.4726,0.3,1]},
{"frame":97,"values":[1,0,0,0,0,1,0,0,0,0,-1,0,0,5.5,0.3,1]},
{"frame":98,"values":[1,0,0,0,0,1,0,0,0,0,-1,0,0,5.4518,0.3,1]},
{"frame":99,"values":[1,0,0,0,0,1,0,0,0,0,-1,0,0,5.3162,0.3,1]},
{"frame":100,"values":[1,0,0,0,0,1,0,0,0,0,-1,0,0,5.1421,0.3,1]},
{"frame":101,"values":[1,0,0,0,0,1,0,0,0,0,-1,0,0,5.0065,0.3,1]},
{"frame":102,"values":[1,0,0,0,0,1,0,0,0,0,-1,0,0,4.9583,0.3,1]},
{"frame":103,"values":[1,0,0,0,0,1,0,0,0,0,-1,0,0,5.0065,0.3,1]},
{"frame":104,"values":[1,0,0,0,0,1,0,0,0,0,-1,0,0,5.1421,0.3,1]},
{"frame":105,"values":[1,0,0,0,0,1,0,0,0,0,-1,0,0,5.3162,0.3,1]},
{"frame":106,"values":[1,0,0,0,0,1,0,0,0,0,-1,0,0,5.4518,0.3,1]},
{"frame":107,"values":[1,0,0,0,0,1,0,0,0,0,-1,0,0,5.5,0.3,1]},
{"frame":108,"values":[1,0,0,0,0,1,0,0,0,0,-1,0,0,5.4981,0.3,1]},
{"frame":109,"values":[1,0,0,0,0,1,0,0,0,0,-1,0,0,5.4816,0.3,1]},
{"frame":110,"values":[1,0,0,0,0,1,0,0,0,0,-1,0,0,5.4305,0.3,1]},
{"frame":111,"values":[1,0,0,0,0,1,0,0,0,0,-1,0,0,5.3325,0.3,1]},
{"frame":112,"values":[1,0,0,0,0,1,0,0,0,0,-1,0,0,5.192,0.3,1]},
{"frame":113,"values":[1,-0.0043,-0.0004,0,0.0033,0.8201,-0.5722,0,-0.0028,-0.5722,-0.8201,0,0,2.7845,0.3,1]},
{"frame":116,"values":[1,-0.0043,-0.0004,0,0.0033,0.8201,-0.5722,0,-0.0028,-0.5722,-0.8201,0,0,2.8344,0.3,1]},
{"frame":117,"values":[1,-0.0043,-0.0004,0,0.0033,0.8201,-0.5722,0,-0.0028,-0.5722,-0.8201,0,0,2.9585,0.3,1]},
{"frame":118,"values":[1,-0.0043,-0.0004,0,0.0033,0.8201,-0.5722,0,-0.0028,-0.5722,-0.8201,0,0,3.1211,0.3,1]},
{"frame":119,"values":[1,-0.0043,-0.0004,0,0.0033,0.8201,-0.5722,0,-0.0028,-0.5722,-0.8201,0,0,3.2915,0.3,1]},
{"frame":120,"values":[1,-0.0043,-0.0004,0,0.0033,0.8201,-0.5722,0,-0.0028,-0.5722,-0.8201,0,0,3.4055,0.3,1]},
{"frame":121,"values":[1,-0.0043,-0.0004,0,0.0033,0.8201,-0.5722,0,-0.0028,-0.5722,-0.8201,0,0,3.4694,0.3,1]},
{"frame":122,"values":[1,-0.0043,-0.0004,0,0.0033,0.8201,-0.5722,0,-0.0028,-0.5722,-0.8201,0,0,3.5146,0.3,1]},
{"frame":123,"values":[1,-0.0043,-0.0004,0,0.0033,0.8201,-0.5722,0,-0.0028,-0.5722,-0.8201,0,0,3.539,0.3,1]},
{"frame":124,"values":[1,-0.0043,-0.0004,0,0.0033,0.8201,-0.5722,0,-0.0028,-0.5722,-0.8201,0,0,3.5474,0.3,1]},
{"frame":125,"values":[1,-0.0043,-0.0004,0,0.0033,0.8201,-0.5722,0,-0.0028,-0.5722,-0.8201,0,0,3.5486,0.3,1]},
{"frame":126,"values":[1,-0.0043,-0.0004,0,0.0033,0.8201,-0.5722,0,-0.0028,-0.5722,-0.8201,0,0,3.5359,0.3,1]},
{"frame":127,"values":[1,-0.0043,-0.0004,0,0.0033,0.8201,-0.5722,0,-0.0028,-0.5722,-0.8201,0,0,3.5001,0.3,1]},
{"frame":128,"values":[1,-0.0043,-0.0004,0,0.0033,0.8201,-0.5722,0,-0.0028,-0.5722,-0.8201,0,0,3.4541,0.3,1]},
{"frame":129,"values":[1,-0.0043,-0.0004,0,0.0033,0.8201,-0.5722,0,-0.0028,-0.5722,-0.8201,0,0,3.4182,0.3,1]},
{"frame":130,"values":[1,-0.0043,-0.0004,0,0.0033,0.8201,-0.5722,0,-0.0028,-0.5722,-0.8201,0,0,3.4055,0.3,1]},
{"frame":131,"values":[1,-0.0043,-0.0004,0,0.0033,0.8201,-0.5722,0,-0.0028,-0.5722,-0.8201,0,0,3.4182,0.3,1]},
{"frame":132,"values":[1,-0.0043,-0.0004,0,0.0033,0.8201,-0.5722,0,-0.0028,-0.5722,-0.8201,0,0,3.4541,0.3,1]},
{"frame":133,"values":[1,-0.0043,-0.0004,0,0.0033,0.8201,-0.5722,0,-0.0028,-0.5722,-0.8201,0,0,3.5001,0.3,1]},
{"frame":134,"values":[1,-0.0043,-0.0004,0,0.0033,0.8201,-0.5722,0,-0.0028,-0.5722,-0.8201,0,0,3.5359,0.3,1]},
{"frame":135,"values":[1,-0.0043,-0.0004,0,0.0033,0.8201,-0.5722,0,-0.0028,-0.5722,-0.8201,0,0,3.5486,0.3,1]},
{"frame":136,"values":[1,-0.0043,-0.0004,0,0.0033,0.8201,-0.5722,0,-0.0028,-0.5722,-0.8201,0,0,3.5359,0.3,1]},
{"frame":137,"values":[1,-0.0043,-0.0004,0,0.0033,0.8201,-0.5722,0,-0.0028,-0.5722,-0.8201,0,0,3.5001,0.3,1]},
{"frame":138,"values":[1,-0.0043,-0.0004,0,0.0033,0.8201,-0.5722,0,-0.0028,-0.5722,-0.8201,0,0,3.4541,0.3,1]},
{"frame":139,"values":[1,-0.0043,-0.0004,0,0.0033,0.8201,-0.5722,0,-0.0028,-0.5722,-0.8201,0,0,3.4182,0.3,1]},
{"frame":140,"values":[1,-0.0043,-0.0004,0,0.0033,0.8201,-0.5722,0,-0.0028,-0.5722,-0.8201,0,0,3.4055,0.3,1]}],"loopBehavior":1,"name":"anim","property":"_matrix"}},
{"name":"upperTorso","index":1,"matrix":[1,-0.0007,-0.0012,0,0.0007,0.9998,0.0175,0,0.0011,-0.0175,0.9998,0,0,2.1,0,1],"rest":[1,0,0,0,0,1,0,0,0,0,1,0,0,2.1,0,1],"parentBoneIndex":0,"length":1.3
,"animation":{"dataType":3,"framePerSecond":24,"keys":[
{"frame":1,"values":[1,0,0,0,0,0.9684,0.2496,0,0,-0.2496,0.9684,0,0,2.1,0,1]},
{"frame":21,"values":[1,0,0,0,0,0.9737,0.228,0,0,-0.228,0.9737,0,0,2.1,0,1]},
{"frame":22,"values":[1,0,0,0,0,0.9861,0.1664,0,0,-0.1664,0.9861,0,0,2.1,0,1]},
{"frame":23,"values":[1,0,0,0,0,0.9963,0.0859,0,0,-0.0859,0.9963,0,0,2.1,0,1]},
{"frame":24,"values":[1,0,0,0,0,0.9997,0.0225,0,0,-0.0225,0.9997,0,0,2.1,0,1]},
{"frame":25,"values":[1,0,0,0,0,1,0,0,0,0,1,0,0,2.1,0,1]},
{"frame":28,"values":[0.9999,-0.0001,-0.0106,0,0.0001,1,0,0,0.0106,0,0.9999,0,0,2.1,0,1]},
{"frame":29,"values":[0.9992,-0.0004,-0.0405,0,0.0004,1,0,0,0.0405,-0.0001,0.9992,0,0,2.1,0,1]},
{"frame":30,"values":[0.9969,-0.0008,-0.0788,0,0.0008,1,0.0001,0,0.0788,-0.0001,0.9969,0,0,2.1,0,1]},
{"frame":31,"values":[0.9941,-0.0011,-0.1085,0,0.0011,1,0.0001,0,0.1085,-0.0002,0.9941,0,0,2.1,0,1]},
{"frame":32,"values":[0.9929,-0.0012,-0.119,0,0.0012,1,0.0001,0,0.119,-0.0002,0.9929,0,0,2.1,0,1]},
{"frame":33,"values":[0.9941,-0.0011,-0.1085,0,0.0011,1,0.0001,0,0.1085,-0.0002,0.9941,0,0,2.1,0,1]},
{"frame":34,"values":[0.9969,-0.0008,-0.0788,0,0.0008,1,0.0001,0,0.0788,-0.0001,0.9969,0,0,2.1,0,1]},
{"frame":35,"values":[0.9992,-0.0004,-0.0405,0,0.0004,1,0,0,0.0405,-0.0001,0.9992,0,0,2.1,0,1]},
{"frame":36,"values":[0.9999,-0.0001,-0.0106,0,0.0001,1,0,0,0.0106,0,0.9999,0,0,2.1,0,1]},
{"frame":37,"values":[1,0,0,0,0,1,0,0,0,0,1,0,0,2.1,0,1]},
{"frame":48,"values":[0.9999,0.001,0.0106,0,-0.001,1,0,0,-0.0106,0,0.9999,0,0,2.1,0,1]},
{"frame":49,"values":[0.9992,0.0039,0.0404,0,-0.0039,1,0,0,-0.0404,-0.0001,0.9992,0,0,2.1,0,1]},
{"frame":50,"values":[0.9969,0.0077,0.0786,0,-0.0077,1,-0.0002,0,-0.0786,-0.0004,0.9969,0,0,2.1,0,1]},
{"frame":51,"values":[0.9941,0.0106,0.1083,0,-0.0106,0.9999,-0.0005,0,-0.1083,-0.0007,0.9941,0,0,2.1,0,1]},
{"frame":52,"values":[0.9929,0.0116,0.1188,0,-0.0116,0.9999,-0.0006,0,-0.1188,-0.0008,0.9929,0,0,2.1,0,1]},
{"frame":53,"values":[0.9941,0.0106,0.1083,0,-0.0106,0.9999,-0.0005,0,-0.1083,-0.0007,0.9941,0,0,2.1,0,1]},
{"frame":54,"values":[0.9969,0.0077,0.0786,0,-0.0077,1,-0.0002,0,-0.0786,-0.0004,0.9969,0,0,2.1,0,1]},
{"frame":55,"values":[0.9992,0.0039,0.0404,0,-0.0039,1,0,0,-0.0404,-0.0001,0.9992,0,0,2.1,0,1]},
{"frame":56,"values":[0.9999,0.001,0.0106,0,-0.001,1,0,0,-0.0106,0,0.9999,0,0,2.1,0,1]},
{"frame":57,"values":[1,0,0,0,0,1,0,0,0,0,1,0,0,2.1,0,1]},
{"frame":68,"values":[0.9999,0.0014,-0.0167,0,-0.0014,1,0,0,0.0167,0,0.9999,0,0,2.1,0,1]},
{"frame":69,"values":[0.998,0.0053,-0.0637,0,-0.0053,1,0.0002,0,0.0637,0.0002,0.998,0,0,2.1,0,1]},
{"frame":70,"values":[0.9922,0.0103,-0.1239,0,-0.0103,0.9999,0.0006,0,0.1239,0.0006,0.9923,0,0,2.1,0,1]},
{"frame":71,"values":[0.9853,0.0141,-0.1704,0,-0.0141,0.9999,0.0012,0,0.1704,0.0012,0.9854,0,0,2.1,0,1]},
{"frame":72,"values":[0.9823,0.0155,-0.1868,0,-0.0155,0.9999,0.0015,0,0.1868,0.0015,0.9824,0,0,2.1,0,1]},
{"frame":73,"values":[0.9842,0.0141,-0.1763,0,-0.0141,0.9999,0.0013,0,0.1763,0.0013,0.9843,0,0,2.1,0,1]},
{"frame":74,"values":[0.9895,0.0103,-0.1441,0,-0.0103,0.9999,0.0007,0,0.1441,0.0007,0.9896,0,0,2.1,0,1]},
{"frame":75,"values":[0.9954,0.0053,-0.0953,0,-0.0053,1,0.0003,0,0.0953,0.0003,0.9954,0,0,2.1,0,1]},
{"frame":76,"values":[0.9991,0.0014,-0.0435,0,-0.0014,1,0,0,0.0435,0,0.9991,0,0,2.1,0,1]},
{"frame":77,"values":[1,0,0,0,0,1,0,0,0,0,1,0,0,2.1,0,1]},
{"frame":78,"values":[0.9991,0.0009,0.0433,0,-0.0009,1,0,0,-0.0433,0,0.9991,0,0,2.1,0,1]},
{"frame":79,"values":[0.9955,0.0035,0.0948,0,-0.0035,1,-0.0001,0,-0.0948,-0.0002,0.9955,0,0,2.1,0,1]},
{"frame":80,"values":[0.9897,0.0069,0.143,0,-0.0069,1,-0.0004,0,-0.143,-0.0005,0.9897,0,0,2.1,0,1]},
{"frame":81,"values":[0.9845,0.0095,0.1749,0,-0.0095,1,-0.0008,0,-0.1749,-0.0009,0.9846,0,0,2.1,0,1]},
{"frame":82,"values":[0.9826,0.0104,0.1852,0,-0.0104,0.9999,-0.0009,0,-0.1852,-0.001,0.9827,0,0,2.1,0,1]},
{"frame":83,"values":[0.9856,0.0095,0.1689,0,-0.0095,1,-0.0007,0,-0.1689,-0.0009,0.9856,0,0,2.1,0,1]},
{"frame":84,"values":[0.9924,0.0069,0.1228,0,-0.0069,1,-0.0004,0,-0.1228,-0.0005,0.9924,0,0,2.1,0,1]},
{"frame":85,"values":[0.998,0.0035,0.0631,0,-0.0035,1,-0.0001,0,-0.0631,-0.0001,0.998,0,0,2.1,0,1]},
{"frame":86,"values":[0.9999,0.0009,0.0165,0,-0.0009,1,0,0,-0.0165,0,0.9999,0,0,2.1,0,1]},
{"frame":87,"values":[1,0,0,0,0,1,0,0,0,0,1,0,0,2.1,0,1]},
{"frame":113,"values":[1,0,0,0,0,0.9565,-0.2917,0,0,0.2917,0.9565,0,0,2.1,0,1]},
{"frame":116,"values":[1,-0.0001,-0.0001,0,0.0001,0.9655,-0.2602,0,0.0001,0.2602,0.9655,0,0,2.1,0,1]},
{"frame":117,"values":[1,-0.0003,-0.0004,0,0.0002,0.9821,-0.1886,0,0.0004,0.1886,0.9821,0,0,2.1,0,1]},
{"frame":118,"values":[1,-0.0005,-0.0007,0,0.0004,0.9949,-0.1007,0,0.0007,0.1007,0.9949,0,0,2.1,0,1]},
{"frame":119,"values":[1,-0.0007,-0.001,0,0.0006,0.9998,-0.0175,0,0.001,0.0175,0.9998,0,0,2.1,0,1]},
{"frame":120,"values":[1,-0.0007,-0.0012,0,0.0007,0.9998,0.0175,0,0.0011,-0.0175,0.9998,0,0,2.1,0,1]},
{"frame":140,"values":[1,-0.0007,-0.0012,0,0.0007,0.9998,0.0175,0,0.0011,-0.0175,0.9998,0,0,2.1,0,1]}],"loopBehavior":1,"name":"anim","property":"_matrix"}},
{"name":"neck","index":2,"matrix":[1,-0.0003,-0.0014,0,0.0006,0.9826,0.1857,0,0.0013,-0.1857,0.9826,0,0,1.3,0,1],"rest":[1,0,0,0,0,0.9701,0.2425,0,0,-0.2425,0.9701,0,0,1.3,0,1],"parentBoneIndex":1,"length":0.4123
,"animation":{"dataType":3,"framePerSecond":24,"keys":[
{"frame":1,"values":[1,0,0,0,0,0.9701,0.2425,0,0,-0.2425,0.9701,0,0,1.3,0,1]},
{"frame":113,"values":[1,0,0,0,0,0.9905,-0.1374,0,0,0.1374,0.9905,0,0,1.3,0,1]},
{"frame":116,"values":[1,-0.0001,-0.0001,0,0,0.9946,-0.1038,0,0.0001,0.1038,0.9946,0,0,1.3,0,1]},
{"frame":117,"values":[1,-0.0002,-0.0005,0,0.0002,0.9996,-0.0278,0,0.0005,0.0278,0.9996,0,0,1.3,0,1]},
{"frame":118,"values":[1,-0.0003,-0.0008,0,0.0003,0.9979,0.0642,0,0.0008,-0.0642,0.9979,0,0,1.3,0,1]},
{"frame":119,"values":[1,-0.0003,-0.0012,0,0.0005,0.9887,0.15,0,0.0011,-0.15,0.9887,0,0,1.3,0,1]},
{"frame":120,"values":[1,-0.0003,-0.0014,0,0.0006,0.9826,0.1857,0,0.0013,-0.1857,0.9826,0,0,1.3,0,1]},
{"frame":140,"values":[1,-0.0003,-0.0014,0,0.0006,0.9826,0.1857,0,0.0013,-0.1857,0.9826,0,0,1.3,0,1]}],"loopBehavior":1,"name":"anim","property":"_matrix"}},
{"name":"head","index":3,"matrix":[1,0.0009,0.0017,0,0.0001,0.8553,-0.5182,0,-0.0019,0.5182,0.8553,0,0,0.4123,0,1],"rest":[1,0,0,0,0,0.9937,-0.1122,0,0,0.1122,0.9937,0,0,0.4123,0,1],"parentBoneIndex":2,"length":1.5133
,"animation":{"dataType":3,"framePerSecond":24,"keys":[
{"frame":1,"values":[1,0.0046,-0.002,0,-0.005,0.9408,-0.3388,0,0.0004,0.3388,0.9409,0,0,0.4123,0,1]},
{"frame":21,"values":[1,0.0042,-0.0018,0,-0.0046,0.9476,-0.3194,0,0.0004,0.3194,0.9476,0,0,0.4123,0,1]},
{"frame":22,"values":[1,0.0031,-0.0012,0,-0.0033,0.9646,-0.2638,0,0.0004,0.2638,0.9646,0,0,0.4123,0,1]},
{"frame":23,"values":[1,0.0016,-0.0006,0,-0.0017,0.9816,-0.1907,0,0.0003,0.1907,0.9816,0,0,0.4123,0,1]},
{"frame":24,"values":[1,0.0004,-0.0001,0,-0.0004,0.9911,-0.1329,0,0.0001,0.1329,0.9911,0,0,0.4123,0,1]},
{"frame":25,"values":[1,0,0,0,0,0.9937,-0.1122,0,0,0.1122,0.9937,0,0,0.4123,0,1]},
{"frame":116,"values":[1,0.0001,0.0002,0,0,0.9876,-0.1568,0,-0.0002,0.1568,0.9876,0,0,0.4123,0,1]},
{"frame":117,"values":[1,0.0002,0.0006,0,-0.0001,0.9667,-0.256,0,-0.0006,0.256,0.9667,0,0,0.4123,0,1]},
{"frame":118,"values":[1,0.0005,0.0011,0,0,0.9281,-0.3724,0,-0.0012,0.3724,0.9281,0,0,0.4123,0,1]},
{"frame":119,"values":[1,0.0007,0.0015,0,0.0001,0.8792,-0.4765,0,-0.0017,0.4765,0.8792,0,0,0.4123,0,1]},
{"frame":120,"values":[1,0.0009,0.0017,0,0.0001,0.8553,-0.5182,0,-0.0019,0.5182,0.8553,0,0,0.4123,0,1]},
{"frame":140,"values":[1,0.0009,0.0017,0,0.0001,0.8553,-0.5182,0,-0.0019,0.5182,0.8553,0,0,0.4123,0,1]}],"loopBehavior":1,"name":"anim","property":"_matrix"}},
{"name":"clavicleR","index":4,"matrix":[-0.1155,0.8537,0.5078,0,-0.8644,-0.3383,0.372,0,0.4894,-0.396,0.777,0,-0.244,1.2293,-0.0253,1],"rest":[-0.3096,0.8722,0.3787,0,-0.9307,-0.3596,0.0674,0,0.195,-0.3316,0.9231,0,-0.2441,1.227,-0.0299,1],"parentBoneIndex":1,"length":1.2419
,"animation":{"dataType":3,"framePerSecond":24,"keys":[
{"frame":1,"values":[-0.0674,0.8804,0.4694,0,-0.7949,-0.3317,0.5081,0,0.603,-0.3389,0.7222,0,-0.2441,1.227,-0.0299,1]},
{"frame":2,"values":[-0.0487,0.8808,0.471,0,-0.7833,-0.3263,0.5292,0,0.6198,-0.3431,0.7058,0,-0.2441,1.227,-0.0299,1]},
{"frame":3,"values":[0.0004,0.8812,0.4727,0,-0.75,-0.3124,0.583,0,0.6615,-0.3547,0.6608,0,-0.2441,1.227,-0.0299,1]},
{"frame":4,"values":[0.0494,0.8808,0.4709,0,-0.7128,-0.2992,0.6344,0,0.6996,-0.367,0.613,0,-0.2441,1.227,-0.0299,1]},
{"frame":5,"values":[0.0681,0.8804,0.4693,0,-0.6976,-0.2943,0.6533,0,0.7133,-0.3719,0.5941,0,-0.2441,1.227,-0.0299,1]},
{"frame":6,"values":[0.0642,0.8805,0.4697,0,-0.7008,-0.2953,0.6493,0,0.7104,-0.3709,0.5981,0,-0.2441,1.227,-0.0299,1]},
{"frame":7,"values":[0.052,0.8807,0.4707,0,-0.7107,-0.2985,0.637,0,0.7016,-0.3677,0.6104,0,-0.2441,1.227,-0.0299,1]},
{"frame":8,"values":[0.0336,0.881,0.4719,0,-0.7252,-0.3034,0.6181,0,0.6877,-0.363,0.6287,0,-0.2441,1.227,-0.0299,1]},
{"frame":9,"values":[0.0137,0.8812,0.4725,0,-0.7403,-0.3088,0.5972,0,0.6722,-0.358,0.6481,0,-0.2441,1.227,-0.0299,1]},
{"frame":10,"values":[-0.0034,0.8812,0.4727,0,-0.7527,-0.3135,0.579,0,0.6584,-0.3538,0.6644,0,-0.2441,1.227,-0.0299,1]},
{"frame":11,"values":[-0.0212,0.8812,0.4723,0,-0.7651,-0.3184,0.5597,0,0.6436,-0.3495,0.6809,0,-0.2441,1.227,-0.0299,1]},
{"frame":12,"values":[-0.0428,0.8809,0.4714,0,-0.7794,-0.3246,0.5358,0,0.625,-0.3445,0.7005,0,-0.2441,1.227,-0.0299,1]},
{"frame":13,"values":[-0.0634,0.8805,0.4698,0,-0.7924,-0.3306,0.5126,0,0.6066,-0.3398,0.7187,0,-0.2441,1.227,-0.0299,1]},
{"frame":14,"values":[-0.0773,0.8801,0.4684,0,-0.8008,-0.3347,0.4968,0,0.594,-0.3367,0.7306,0,-0.2441,1.227,-0.0299,1]},
{"frame":15,"values":[-0.0818,0.88,0.4679,0,-0.8034,-0.336,0.4916,0,0.5898,-0.3357,0.7345,0,-0.2441,1.227,-0.0299,1]},
{"frame":16,"values":[-0.0805,0.88,0.468,0,-0.8027,-0.3356,0.493,0,0.591,-0.336,0.7334,0,-0.2441,1.227,-0.0299,1]},
{"frame":17,"values":[-0.0769,0.8801,0.4684,0,-0.8006,-0.3346,0.4972,0,0.5943,-0.3368,0.7303,0,-0.2441,1.227,-0.0299,1]},
{"frame":18,"values":[-0.0723,0.8803,0.4689,0,-0.7978,-0.3332,0.5025,0,0.5986,-0.3378,0.7264,0,-0.2441,1.227,-0.0299,1]},
{"frame":19,"values":[-0.0687,0.8804,0.4693,0,-0.7956,-0.3321,0.5066,0,0.6019,-0.3386,0.7233,0,-0.2441,1.227,-0.0299,1]},
{"frame":20,"values":[-0.0674,0.8804,0.4694,0,-0.7949,-0.3317,0.5081,0,0.603,-0.3389,0.7222,0,-0.2441,1.227,-0.0299,1]},
{"frame":21,"values":[-0.0679,0.8804,0.4693,0,-0.7954,-0.3317,0.5072,0,0.6023,-0.3389,0.7228,0,-0.2441,1.227,-0.0299,1]},
{"frame":22,"values":[-0.0721,0.8804,0.4687,0,-0.7999,-0.3317,0.5001,0,0.5958,-0.3389,0.7281,0,-0.2441,1.227,-0.0299,1]},
{"frame":23,"values":[-0.0849,0.8804,0.4666,0,-0.8133,-0.3317,0.4779,0,0.5755,-0.3389,0.7443,0,-0.2441,1.227,-0.0299,1]},
{"frame":24,"values":[-0.1094,0.8804,0.4614,0,-0.8374,-0.3317,0.4345,0,0.5356,-0.3389,0.7735,0,-0.2441,1.227,-0.0299,1]},
{"frame":25,"values":[-0.1438,0.8804,0.4519,0,-0.8677,-0.3317,0.3701,0,0.4758,-0.3389,0.8117,0,-0.2441,1.227,-0.0299,1]},
{"frame":26,"values":[-0.3183,0.8444,0.4309,0,-0.9207,-0.3837,0.0718,0,0.226,-0.3739,0.8995,0,-0.2441,1.227,-0.0299,1]},
{"frame":88,"values":[-0.3099,0.8444,0.437,0,-0.9191,-0.3837,0.0896,0,0.2433,-0.3739,0.895,0,-0.2441,1.227,-0.0299,1]},
{"frame":89,"values":[-0.2856,0.8444,0.4533,0,-0.9128,-0.3837,0.1396,0,0.2918,-0.3739,0.8804,0,-0.2441,1.227,-0.0299,1]},
{"frame":90,"values":[-0.2531,0.8444,0.4722,0,-0.9008,-0.3837,0.2033,0,0.3528,-0.3739,0.8577,0,-0.2441,1.227,-0.0299,1]},
{"frame":91,"values":[-0.227,0.8444,0.4853,0,-0.8884,-0.3837,0.2521,0,0.3991,-0.3739,0.8372,0,-0.2441,1.227,-0.0299,1]},
{"frame":92,"values":[-0.2176,0.8444,0.4896,0,-0.8833,-0.3837,0.2693,0,0.4153,-0.3739,0.8293,0,-0.2441,1.227,-0.0299,1]},
{"frame":93,"values":[-0.2258,0.8445,0.4856,0,-0.8881,-0.3834,0.2538,0,0.4005,-0.374,0.8365,0,-0.2441,1.227,-0.0299,1]},
{"frame":94,"values":[-0.25,0.8448,0.4731,0,-0.9005,-0.3825,0.207,0,0.3558,-0.3742,0.8564,0,-0.2441,1.227,-0.0299,1]},
{"frame":95,"values":[-0.2841,0.8451,0.4529,0,-0.9137,-0.3817,0.1392,0,0.2905,-0.3743,0.8806,0,-0.2441,1.227,-0.0299,1]},
{"frame":96,"values":[-0.3167,0.845,0.4309,0,-0.9213,-0.3821,0.0721,0,0.2256,-0.3742,0.8995,0,-0.2441,1.227,-0.0299,1]},
{"frame":97,"values":[-0.3405,0.8444,0.4136,0,-0.9231,-0.3837,0.0234,0,0.1785,-0.3739,0.9101,0,-0.2441,1.227,-0.0299,1]},
{"frame":98,"values":[-0.3604,0.8429,0.3995,0,-0.9218,-0.3875,-0.014,0,0.143,-0.3733,0.9166,0,-0.2441,1.227,-0.0299,1]},
{"frame":99,"values":[-0.381,0.8404,0.3854,0,-0.918,-0.3936,-0.0492,0,0.1103,-0.3725,0.9214,0,-0.2441,1.227,-0.0299,1]},
{"frame":100,"values":[-0.3986,0.8376,0.3736,0,-0.9132,-0.4003,-0.0769,0,0.0852,-0.3719,0.9244,0,-0.2441,1.227,-0.0299,1]},
{"frame":101,"values":[-0.4096,0.8354,0.3665,0,-0.9095,-0.4052,-0.0929,0,0.0709,-0.3714,0.9258,0,-0.2441,1.227,-0.0299,1]},
{"frame":102,"values":[-0.413,0.8347,0.3643,0,-0.9083,-0.4068,-0.0977,0,0.0667,-0.3713,0.9261,0,-0.2441,1.227,-0.0299,1]},
{"frame":103,"values":[-0.4096,0.8354,0.3665,0,-0.9095,-0.4052,-0.0929,0,0.0709,-0.3714,0.9258,0,-0.2441,1.227,-0.0299,1]},
{"frame":104,"values":[-0.3986,0.8376,0.3736,0,-0.9132,-0.4003,-0.0769,0,0.0852,-0.3719,0.9244,0,-0.2441,1.227,-0.0299,1]},
{"frame":105,"values":[-0.381,0.8404,0.3854,0,-0.918,-0.3936,-0.0492,0,0.1103,-0.3725,0.9214,0,-0.2441,1.227,-0.0299,1]},
{"frame":106,"values":[-0.3604,0.8429,0.3995,0,-0.9218,-0.3875,-0.014,0,0.143,-0.3733,0.9166,0,-0.2441,1.227,-0.0299,1]},
{"frame":107,"values":[-0.3405,0.8444,0.4136,0,-0.9231,-0.3837,0.0234,0,0.1785,-0.3739,0.9101,0,-0.2441,1.227,-0.0299,1]},
{"frame":108,"values":[-0.3167,0.845,0.4309,0,-0.9213,-0.3821,0.0721,0,0.2256,-0.3742,0.8995,0,-0.2441,1.227,-0.0299,1]},
{"frame":109,"values":[-0.2841,0.8451,0.4529,0,-0.9137,-0.3817,0.1392,0,0.2905,-0.3743,0.8806,0,-0.2441,1.227,-0.0299,1]},
{"frame":110,"values":[-0.25,0.8448,0.4731,0,-0.9005,-0.3825,0.207,0,0.3558,-0.3742,0.8564,0,-0.2441,1.227,-0.0299,1]},
{"frame":111,"values":[-0.2258,0.8445,0.4856,0,-0.8881,-0.3834,0.2538,0,0.4005,-0.374,0.8365,0,-0.2441,1.227,-0.0299,1]},
{"frame":112,"values":[-0.2176,0.8444,0.4896,0,-0.8833,-0.3837,0.2693,0,0.4153,-0.3739,0.8293,0,-0.2441,1.227,-0.0299,1]},
{"frame":120,"values":[-0.0992,0.8551,0.5089,0,-0.8593,-0.3315,0.3895,0,0.5018,-0.3986,0.7676,0,-0.2441,1.227,-0.0299,1]},
{"frame":121,"values":[-0.0964,0.8555,0.5087,0,-0.8637,-0.326,0.3845,0,0.4947,-0.4022,0.7704,0,-0.244,1.228,-0.0316,1]},
{"frame":122,"values":[-0.0956,0.8549,0.5098,0,-0.8748,-0.3166,0.3668,0,0.475,-0.4109,0.7781,0,-0.2438,1.2308,-0.0364,1]},
{"frame":123,"values":[-0.0966,0.854,0.5112,0,-0.8882,-0.3058,0.343,0,0.4493,-0.4209,0.788,0,-0.2435,1.2344,-0.0426,1]},
{"frame":124,"values":[-0.0985,0.8538,0.5112,0,-0.8981,-0.2975,0.3239,0,0.4286,-0.4272,0.7961,0,-0.2432,1.2372,-0.0474,1]},
{"frame":125,"values":[-0.1002,0.8549,0.509,0,-0.9017,-0.2943,0.3168,0,0.4206,-0.4272,0.8004,0,-0.2431,1.2382,-0.0491,1]},
{"frame":126,"values":[-0.1118,0.8557,0.5052,0,-0.9007,-0.302,0.3122,0,0.4197,-0.4202,0.8046,0,-0.2433,1.2374,-0.0479,1]},
{"frame":127,"values":[-0.1415,0.8542,0.5004,0,-0.897,-0.3244,0.3001,0,0.4187,-0.4064,0.8121,0,-0.2438,1.235,-0.0442,1]},
{"frame":128,"values":[-0.1788,0.8502,0.4951,0,-0.891,-0.3533,0.285,0,0.4173,-0.3902,0.8208,0,-0.2443,1.2317,-0.0389,1]},
{"frame":129,"values":[-0.2075,0.8461,0.491,0,-0.8855,-0.3758,0.2734,0,0.4158,-0.3781,0.8271,0,-0.2445,1.2287,-0.0337,1]},
{"frame":130,"values":[-0.2176,0.8444,0.4896,0,-0.8833,-0.3837,0.2693,0,0.4153,-0.3739,0.8293,0,-0.2441,1.227,-0.0299,1]},
{"frame":131,"values":[-0.2149,0.8446,0.4904,0,-0.8831,-0.3824,0.2717,0,0.417,-0.3747,0.8281,0,-0.2436,1.2268,-0.0266,1]},
{"frame":132,"values":[-0.2066,0.8453,0.4927,0,-0.8825,-0.3785,0.2793,0,0.4225,-0.377,0.8242,0,-0.2434,1.2284,-0.0228,1]},
{"frame":133,"values":[-0.1937,0.8465,0.496,0,-0.8812,-0.3724,0.2913,0,0.4313,-0.3806,0.818,0,-0.2435,1.2308,-0.0193,1]},
{"frame":134,"values":[-0.1793,0.8477,0.4992,0,-0.8793,-0.3657,0.3052,0,0.4413,-0.3843,0.8109,0,-0.2436,1.2329,-0.017,1]},
{"frame":135,"values":[-0.1662,0.8489,0.5018,0,-0.8771,-0.3599,0.3182,0,0.4507,-0.3872,0.8044,0,-0.2437,1.2337,-0.0163,1]},
{"frame":136,"values":[-0.1518,0.8503,0.504,0,-0.874,-0.3536,0.3332,0,0.4615,-0.3899,0.7968,0,-0.2437,1.2331,-0.0175,1]},
{"frame":137,"values":[-0.1335,0.852,0.5062,0,-0.8695,-0.3458,0.3527,0,0.4756,-0.393,0.787,0,-0.2438,1.2314,-0.0209,1]},
{"frame":138,"values":[-0.1155,0.8537,0.5078,0,-0.8644,-0.3383,0.372,0,0.4894,-0.396,0.777,0,-0.244,1.2293,-0.0253,1]},
{"frame":139,"values":[-0.1033,0.8547,0.5087,0,-0.8606,-0.3332,0.3852,0,0.4987,-0.398,0.77,0,-0.2441,1.2276,-0.0287,1]},
{"frame":140,"values":[-0.0992,0.8551,0.5089,0,-0.8593,-0.3315,0.3895,0,0.5018,-0.3986,0.7676,0,-0.2441,1.227,-0.0299,1]}],"loopBehavior":1,"name":"anim","property":"_matrix"}},
{"name":"upperArmR","index":5,"matrix":[-0.5094,-0.8461,-0.1573,0,-0.8472,0.4609,0.2644,0,-0.1512,0.2679,-0.9515,0,-0.006,1.2419,0.0046,1],"rest":[-0.4878,-0.8674,0.0988,0,-0.8249,0.495,0.2732,0,-0.2858,0.0517,-0.9569,0,-0.006,1.2419,0.0046,1],"parentBoneIndex":4,"length":1.3158
,"animation":{"dataType":3,"framePerSecond":24,"keys":[
{"frame":1,"values":[-0.4881,-0.8671,0.0996,0,-0.8233,0.4953,0.2771,0,-0.2897,0.0532,-0.9557,0,-0.006,1.2419,0.0046,1]},
{"frame":21,"values":[-0.4781,-0.873,0.0962,0,-0.8292,0.4848,0.278,0,-0.2894,0.0531,-0.9557,0,-0.006,1.2419,0.0046,1]},
{"frame":22,"values":[-0.4499,-0.8889,0.0863,0,-0.8457,0.4551,0.2787,0,-0.287,0.0524,-0.9565,0,-0.006,1.2419,0.0046,1]},
{"frame":23,"values":[-0.413,-0.9078,0.0727,0,-0.8667,0.4163,0.2747,0,-0.2797,0.0504,-0.9588,0,-0.006,1.2419,0.0046,1]},
{"frame":24,"values":[-0.384,-0.9213,0.0608,0,-0.8843,0.386,0.2626,0,-0.2654,0.0471,-0.963,0,-0.006,1.2419,0.0046,1]},
{"frame":25,"values":[-0.3742,-0.9258,0.0541,0,-0.8945,0.3757,0.2425,0,-0.2448,0.0423,-0.9686,0,-0.006,1.2419,0.0046,1]},
{"frame":26,"values":[-0.3803,-0.9246,-0.0237,0,-0.9135,0.3795,-0.1465,0,0.1444,-0.0341,-0.9889,0,-0.006,1.2419,0.0046,1]},
{"frame":113,"values":[-0.5094,-0.8461,-0.1573,0,-0.8472,0.4609,0.2644,0,-0.1512,0.2679,-0.9515,0,-0.006,1.2419,0.0046,1]},
{"frame":140,"values":[-0.5094,-0.8461,-0.1573,0,-0.8472,0.4609,0.2644,0,-0.1512,0.2679,-0.9515,0,-0.006,1.2419,0.0046,1]}],"loopBehavior":1,"name":"anim","property":"_matrix"}},
{"name":"lowerArmR","index":6,"matrix":[0.9312,0.2434,-0.2712,0,0.0069,-0.7559,-0.6546,0,-0.3643,0.6077,-0.7056,0,0,1.3158,0,1],"rest":[0.9995,-0.0153,-0.0282,0,0.0122,0.9943,-0.1062,0,0.0296,0.1058,0.9939,0,0,1.3158,0,1],"parentBoneIndex":5,"length":1.6172
,"animation":{"dataType":3,"framePerSecond":24,"keys":[
{"frame":1,"values":[0.976,-0.0068,0.2174,0,0.1839,-0.5086,-0.8412,0,0.1163,0.861,-0.4952,0,0,1.3158,0,1]},
{"frame":14,"values":[0.9761,-0.0068,0.2174,0,0.1839,-0.5086,-0.8412,0,0.1163,0.861,-0.4952,0,0,1.3158,0,1]},
{"frame":15,"values":[0.976,-0.0068,0.2174,0,0.1839,-0.5086,-0.8412,0,0.1163,0.861,-0.4952,0,0,1.3158,0,1]},
{"frame":21,"values":[0.9725,0.0148,0.2324,0,0.2103,-0.4839,-0.8495,0,0.0999,0.875,-0.4737,0,0,1.3158,0,1]},
{"frame":22,"values":[0.9581,0.0735,0.2769,0,0.2822,-0.4093,-0.8677,0,0.0496,0.9094,-0.4129,0,0,1.3158,0,1]},
{"frame":23,"values":[0.9301,0.1426,0.3385,0,0.3666,-0.304,-0.8793,0,-0.0225,0.942,-0.335,0,0,1.3158,0,1]},
{"frame":24,"values":[0.9014,0.1903,0.3888,0,0.4248,-0.2164,-0.879,0,-0.0832,0.9576,-0.2759,0,0,1.3158,0,1]},
{"frame":25,"values":[0.89,0.2058,0.407,0,0.4437,-0.1845,-0.877,0,-0.1054,0.961,-0.2555,0,0,1.3158,0,1]},
{"frame":26,"values":[0.9312,0.2434,-0.2712,0,0.0069,-0.7559,-0.6546,0,-0.3643,0.6077,-0.7056,0,0,1.3158,0,1]},
{"frame":140,"values":[0.9312,0.2434,-0.2712,0,0.0069,-0.7559,-0.6546,0,-0.3643,0.6077,-0.7056,0,0,1.3158,0,1]}],"loopBehavior":1,"name":"anim","property":"_matrix"}},
{"name":"handR","index":7,"matrix":[0.9842,-0.116,0.1336,0,0.0892,0.9774,0.1916,0,-0.1528,-0.1767,0.9723,0,0,1.6172,0,1],"rest":[0.9834,-0.1237,-0.1325,0,0.1325,0.9894,0.0598,0,0.1237,-0.0763,0.9894,0,0,1.6172,0,1],"parentBoneIndex":6,"length":0.4
,"animation":{"dataType":3,"framePerSecond":24,"keys":[
{"frame":1,"values":[0.9713,-0.1829,-0.1519,0,0.1926,0.98,0.0512,0,0.1395,-0.0789,0.9871,0,0,1.6172,0,1]},
{"frame":21,"values":[0.9717,-0.1854,-0.1461,0,0.1989,0.9764,0.0844,0,0.127,-0.111,0.9857,0,0,1.6172,0,1]},
{"frame":22,"values":[0.9729,-0.1939,-0.1257,0,0.2144,0.9604,0.1782,0,0.0862,-0.2003,0.9759,0,0,1.6172,0,1]},
{"frame":23,"values":[0.9737,-0.2098,-0.089,0,0.227,0.9272,0.2978,0,0.02,-0.3102,0.9505,0,0,1.6172,0,1]},
{"frame":24,"values":[0.9723,-0.2302,-0.0394,0,0.2271,0.8927,0.3892,0,-0.0545,-0.3874,0.9203,0,0,1.6172,0,1]},
{"frame":25,"values":[0.9685,-0.2482,0.0181,0,0.2175,0.8799,0.4224,0,-0.1208,-0.4052,0.9062,0,0,1.6172,0,1]},
{"frame":26,"values":[0.9842,-0.116,0.1336,0,0.0892,0.9774,0.1916,0,-0.1528,-0.1767,0.9723,0,0,1.6172,0,1]},
{"frame":140,"values":[0.9842,-0.116,0.1336,0,0.0892,0.9774,0.1916,0,-0.1528,-0.1767,0.9723,0,0,1.6172,0,1]}],"loopBehavior":1,"name":"anim","property":"_matrix"}},
{"name":"clavicleL","index":8,"matrix":[-0.5328,-0.5981,0.5987,0,0.8435,-0.432,0.3191,0,0.0678,0.6751,0.7346,0,0.2416,1.2247,-0.0346,1],"rest":[-0.3096,-0.6757,0.669,0,0.9307,-0.3596,0.0674,0,0.195,0.6435,0.7402,0,0.2418,1.227,-0.0299,1],"parentBoneIndex":1,"length":1.2419
,"animation":{"dataType":3,"framePerSecond":24,"keys":[
{"frame":1,"values":[-0.0524,-0.6669,0.7433,0,0.8742,-0.3905,-0.2887,0,0.4828,0.6346,0.6035,0,0.2418,1.227,-0.0299,1]},
{"frame":2,"values":[-0.0357,-0.6666,0.7446,0,0.8624,-0.397,-0.314,0,0.5049,0.6309,0.5891,0,0.2418,1.227,-0.0299,1]},
{"frame":3,"values":[0.0081,-0.6663,0.7456,0,0.828,-0.4136,-0.3786,0,0.5607,0.6204,0.5484,0,0.2418,1.227,-0.0299,1]},
{"frame":4,"values":[0.0518,-0.6669,0.7433,0,0.7884,-0.4296,-0.4403,0,0.613,0.6089,0.5035,0,0.2418,1.227,-0.0299,1]},
{"frame":5,"values":[0.0684,-0.6674,0.7416,0,0.772,-0.4354,-0.4631,0,0.6319,0.6042,0.4854,0,0.2418,1.227,-0.0299,1]},
{"frame":6,"values":[0.0629,-0.6672,0.7422,0,0.7776,-0.4335,-0.4555,0,0.6256,0.6058,0.4915,0,0.2418,1.227,-0.0299,1]},
{"frame":7,"values":[0.0458,-0.6668,0.7439,0,0.7942,-0.4274,-0.432,0,0.606,0.6105,0.5099,0,0.2418,1.227,-0.0299,1]},
{"frame":8,"values":[0.0201,-0.6664,0.7453,0,0.8176,-0.4181,-0.3958,0,0.5754,0.6174,0.5365,0,0.2418,1.227,-0.0299,1]},
{"frame":9,"values":[-0.0073,-0.6663,0.7456,0,0.8406,-0.4079,-0.3563,0,0.5416,0.6242,0.5631,0,0.2418,1.227,-0.0299,1]},
{"frame":10,"values":[-0.0302,-0.6665,0.7449,0,0.8584,-0.3991,-0.3223,0,0.5122,0.6296,0.5842,0,0.2418,1.227,-0.0299,1]},
{"frame":11,"values":[-0.0531,-0.6669,0.7432,0,0.8746,-0.3902,-0.2877,0,0.4819,0.6348,0.604,0,0.2418,1.227,-0.0299,1]},
{"frame":12,"values":[-0.0803,-0.6678,0.74,0,0.8921,-0.3793,-0.2455,0,0.4446,0.6405,0.6262,0,0.2418,1.227,-0.0299,1]},
{"frame":13,"values":[-0.1058,-0.6688,0.7358,0,0.9066,-0.3689,-0.205,0,0.4085,0.6454,0.6454,0,0.2418,1.227,-0.0299,1]},
{"frame":14,"values":[-0.1226,-0.6697,0.7324,0,0.9152,-0.3618,-0.1777,0,0.384,0.6485,0.6573,0,0.2418,1.227,-0.0299,1]},
{"frame":15,"values":[-0.1281,-0.67,0.7312,0,0.9178,-0.3595,-0.1687,0,0.3759,0.6495,0.661,0,0.2418,1.227,-0.0299,1]},
{"frame":16,"values":[-0.1214,-0.6697,0.7327,0,0.9146,-0.3623,-0.1796,0,0.3857,0.6483,0.6565,0,0.2418,1.227,-0.0299,1]},
{"frame":17,"values":[-0.1026,-0.6687,0.7364,0,0.9049,-0.3702,-0.21,0,0.4131,0.6448,0.6431,0,0.2418,1.227,-0.0299,1]},
{"frame":18,"values":[-0.0783,-0.6677,0.7403,0,0.8909,-0.3801,-0.2487,0,0.4475,0.6401,0.6246,0,0.2418,1.227,-0.0299,1]},
{"frame":19,"values":[-0.0592,-0.6671,0.7426,0,0.8787,-0.3878,-0.2783,0,0.4736,0.6361,0.6091,0,0.2418,1.227,-0.0299,1]},
{"frame":20,"values":[-0.0524,-0.6669,0.7433,0,0.8742,-0.3905,-0.2887,0,0.4828,0.6346,0.6035,0,0.2418,1.227,-0.0299,1]},
{"frame":21,"values":[-0.0541,-0.6669,0.7432,0,0.8749,-0.3904,-0.2867,0,0.4813,0.6346,0.6046,0,0.2418,1.227,-0.0299,1]},
{"frame":22,"values":[-0.0664,-0.6669,0.7421,0,0.8796,-0.3903,-0.272,0,0.4711,0.6347,0.6125,0,0.2418,1.227,-0.0299,1]},
{"frame":23,"values":[-0.1022,-0.667,0.7381,0,0.8917,-0.3902,-0.2292,0,0.4409,0.6347,0.6346,0,0.2418,1.227,-0.0299,1]},
{"frame":24,"values":[-0.1687,-0.667,0.7257,0,0.9088,-0.3903,-0.1474,0,0.3816,0.6347,0.672,0,0.2418,1.227,-0.0299,1]},
{"frame":25,"values":[-0.2614,-0.6669,0.6978,0,0.9202,-0.3905,-0.0285,0,0.2915,0.6346,0.7158,0,0.2418,1.227,-0.0299,1]},
{"frame":26,"values":[-0.6526,-0.6203,0.4352,0,0.7402,-0.3991,0.5411,0,-0.1619,0.6753,0.7196,0,0.2418,1.227,-0.0299,1]},
{"frame":88,"values":[-0.6452,-0.6203,0.446,0,0.7491,-0.3991,0.5287,0,-0.1499,0.6753,0.7222,0,0.2418,1.227,-0.0299,1]},
{"frame":89,"values":[-0.6236,-0.6203,0.4758,0,0.7731,-0.3991,0.4929,0,-0.1159,0.6753,0.7284,0,0.2418,1.227,-0.0299,1]},
{"frame":90,"values":[-0.5938,-0.6203,0.5125,0,0.8014,-0.3991,0.4455,0,-0.0717,0.6753,0.7341,0,0.2418,1.227,-0.0299,1]},
{"frame":91,"values":[-0.5691,-0.6203,0.5398,0,0.8214,-0.3991,0.4074,0,-0.0372,0.6753,0.7366,0,0.2418,1.227,-0.0299,1]},
{"frame":92,"values":[-0.56,-0.6203,0.5492,0,0.8281,-0.3991,0.3936,0,-0.0249,0.6753,0.7372,0,0.2418,1.227,-0.0299,1]},
{"frame":93,"values":[-0.564,-0.62,0.5454,0,0.8252,-0.3995,0.3993,0,-0.0297,0.6753,0.737,0,0.2418,1.227,-0.0299,1]},
{"frame":94,"values":[-0.576,-0.6194,0.5335,0,0.8163,-0.4003,0.4165,0,-0.0444,0.6754,0.7361,0,0.2418,1.227,-0.0299,1]},
{"frame":95,"values":[-0.5933,-0.6188,0.5148,0,0.8022,-0.4009,0.4425,0,-0.0674,0.6755,0.7343,0,0.2418,1.227,-0.0299,1]},
{"frame":96,"values":[-0.6106,-0.619,0.4939,0,0.7864,-0.4006,0.4701,0,-0.0932,0.6755,0.7315,0,0.2418,1.227,-0.0299,1]},
{"frame":97,"values":[-0.6241,-0.6203,0.4752,0,0.7726,-0.3991,0.4937,0,-0.1166,0.6753,0.7283,0,0.2418,1.227,-0.0299,1]},
{"frame":98,"values":[-0.6361,-0.6231,0.4551,0,0.7583,-0.3958,0.518,0,-0.1426,0.6746,0.7243,0,0.2418,1.227,-0.0299,1]},
{"frame":99,"values":[-0.649,-0.6277,0.4298,0,0.7402,-0.3905,0.5473,0,-0.1757,0.6734,0.7181,0,0.2418,1.227,-0.0299,1]},
{"frame":100,"values":[-0.6597,-0.633,0.4051,0,0.7222,-0.3848,0.5748,0,-0.208,0.6718,0.7109,0,0.2418,1.227,-0.0299,1]},
{"frame":101,"values":[-0.6661,-0.6368,0.3882,0,0.7095,-0.3807,0.593,0,-0.2298,0.6705,0.7054,0,0.2418,1.227,-0.0299,1]},
{"frame":102,"values":[-0.6681,-0.6381,0.3827,0,0.7053,-0.3793,0.5989,0,-0.2371,0.67,0.7035,0,0.2418,1.227,-0.0299,1]},
{"frame":103,"values":[-0.6661,-0.6368,0.3882,0,0.7095,-0.3807,0.593,0,-0.2298,0.6705,0.7054,0,0.2418,1.227,-0.0299,1]},
{"frame":104,"values":[-0.6597,-0.633,0.4051,0,0.7222,-0.3848,0.5748,0,-0.208,0.6718,0.7109,0,0.2418,1.227,-0.0299,1]},
{"frame":105,"values":[-0.649,-0.6277,0.4298,0,0.7402,-0.3905,0.5473,0,-0.1757,0.6734,0.7181,0,0.2418,1.227,-0.0299,1]},
{"frame":106,"values":[-0.6361,-0.6231,0.4551,0,0.7583,-0.3958,0.518,0,-0.1426,0.6746,0.7243,0,0.2418,1.227,-0.0299,1]},
{"frame":107,"values":[-0.6241,-0.6203,0.4752,0,0.7726,-0.3991,0.4937,0,-0.1166,0.6753,0.7283,0,0.2418,1.227,-0.0299,1]},
{"frame":108,"values":[-0.6106,-0.619,0.4939,0,0.7864,-0.4006,0.4701,0,-0.0932,0.6755,0.7315,0,0.2418,1.227,-0.0299,1]},
{"frame":109,"values":[-0.5933,-0.6188,0.5148,0,0.8022,-0.4009,0.4425,0,-0.0674,0.6755,0.7343,0,0.2418,1.227,-0.0299,1]},
{"frame":110,"values":[-0.576,-0.6194,0.5335,0,0.8163,-0.4003,0.4165,0,-0.0444,0.6754,0.7361,0,0.2418,1.227,-0.0299,1]},
{"frame":111,"values":[-0.564,-0.62,0.5454,0,0.8252,-0.3995,0.3993,0,-0.0297,0.6753,0.737,0,0.2418,1.227,-0.0299,1]},
{"frame":112,"values":[-0.56,-0.6203,0.5492,0,0.8281,-0.3991,0.3936,0,-0.0249,0.6753,0.7372,0,0.2418,1.227,-0.0299,1]},
{"frame":120,"values":[-0.5289,-0.596,0.6042,0,0.8452,-0.4339,0.3119,0,0.0762,0.6757,0.7333,0,0.2418,1.227,-0.0299,1]},
{"frame":121,"values":[-0.5355,-0.5937,0.6006,0,0.8412,-0.4384,0.3166,0,0.0754,0.6748,0.7342,0,0.2417,1.226,-0.0282,1]},
{"frame":122,"values":[-0.5539,-0.5873,0.5901,0,0.8294,-0.4507,0.3299,0,0.0722,0.6722,0.7368,0,0.2414,1.2232,-0.0234,1]},
{"frame":123,"values":[-0.5772,-0.5794,0.5754,0,0.8139,-0.4654,0.3478,0,0.0663,0.6691,0.7402,0,0.2411,1.2196,-0.0173,1]},
{"frame":124,"values":[-0.5952,-0.5745,0.5618,0,0.8015,-0.4749,0.3635,0,0.058,0.6667,0.7431,0,0.2408,1.2167,-0.0125,1]},
{"frame":125,"values":[-0.6018,-0.5754,0.5538,0,0.7972,-0.4749,0.3728,0,0.0485,0.6658,0.7445,0,0.2407,1.2157,-0.0108,1]},
{"frame":126,"values":[-0.5994,-0.5819,0.5497,0,0.7997,-0.4653,0.3794,0,0.035,0.667,0.7443,0,0.2408,1.2167,-0.012,1]},
{"frame":127,"values":[-0.5912,-0.5926,0.547,0,0.8064,-0.4474,0.3869,0,0.0154,0.6698,0.7424,0,0.2409,1.2195,-0.0156,1]},
{"frame":128,"values":[-0.5794,-0.6049,0.5463,0,0.815,-0.4257,0.393,0,-0.0052,0.673,0.7396,0,0.2412,1.223,-0.0208,1]},
{"frame":129,"values":[-0.5679,-0.6148,0.5473,0,0.8229,-0.408,0.3955,0,-0.0199,0.675,0.7376,0,0.2415,1.2259,-0.026,1]},
{"frame":130,"values":[-0.56,-0.6203,0.5492,0,0.8281,-0.3991,0.3936,0,-0.0249,0.6753,0.7372,0,0.2418,1.227,-0.0299,1]},
{"frame":131,"values":[-0.5552,-0.6216,0.5525,0,0.8314,-0.3978,0.3879,0,-0.0213,0.6748,0.7377,0,0.2419,1.2265,-0.0334,1]},
{"frame":132,"values":[-0.552,-0.6194,0.5582,0,0.8338,-0.4019,0.3786,0,-0.0102,0.6745,0.7382,0,0.2418,1.2249,-0.0372,1]},
{"frame":133,"values":[-0.55,-0.6145,0.5656,0,0.8352,-0.4096,0.367,0,0.0061,0.6742,0.7385,0,0.2416,1.2227,-0.0406,1]},
{"frame":134,"values":[-0.5479,-0.6094,0.573,0,0.8362,-0.4175,0.3556,0,0.0226,0.674,0.7384,0,0.2414,1.2209,-0.0429,1]},
{"frame":135,"values":[-0.5452,-0.6059,0.5793,0,0.8375,-0.4228,0.3461,0,0.0352,0.6739,0.738,0,0.2413,1.2203,-0.0436,1]},
{"frame":136,"values":[-0.5415,-0.6033,0.5855,0,0.8394,-0.4262,0.3372,0,0.0461,0.6741,0.7372,0,0.2413,1.2209,-0.0424,1]},
{"frame":137,"values":[-0.5371,-0.6005,0.5924,0,0.8416,-0.4295,0.3276,0,0.0577,0.6745,0.736,0,0.2414,1.2226,-0.039,1]},
{"frame":138,"values":[-0.5328,-0.5981,0.5987,0,0.8435,-0.432,0.3191,0,0.0678,0.6751,0.7346,0,0.2416,1.2247,-0.0346,1]},
{"frame":139,"values":[-0.5299,-0.5965,0.6028,0,0.8448,-0.4334,0.3137,0,0.0742,0.6755,0.7336,0,0.2417,1.2264,-0.0311,1]},
{"frame":140,"values":[-0.5289,-0.596,0.6042,0,0.8452,-0.4339,0.3119,0,0.0762,0.6757,0.7333,0,0.2418,1.227,-0.0299,1]}],"loopBehavior":1,"name":"anim","property":"_matrix"}},
{"name":"upperArmL","index":9,"matrix":[-0.2905,0.8597,-0.4201,0,0.8974,0.3972,0.1922,0,0.3321,-0.3211,-0.8869,0,0.0047,1.2477,-0.0022,1],"rest":[-0.2998,0.8674,0.3972,0,0.6026,0.495,-0.626,0,-0.7396,0.0517,-0.6711,0,0.0047,1.2477,-0.0022,1],"parentBoneIndex":8,"length":1.3158
,"animation":{"dataType":3,"framePerSecond":24,"keys":[
{"frame":1,"values":[-0.7861,0.5181,-0.3371,0,0.6018,0.5168,-0.6089,0,-0.1412,-0.6816,-0.718,0,0.0047,1.2477,-0.0022,1]},
{"frame":26,"values":[-0.2905,0.8597,-0.4201,0,0.8974,0.3972,0.1922,0,0.3321,-0.3211,-0.8869,0,0.0047,1.2477,-0.0022,1]},
