{"producer":{"name":"Blender","version":"2.79 (sub 0)","exporter_version":"5.6.4","file":"soldier_alpha.babylon"},
"autoClear":true,"clearColor":[0,0,0],"ambientColor":[0.2,0.2,0.3],"gravity":[0,-9.81,0],
"materials":[{"name":"soldier_alpha.SkinColor","id":"soldier_alpha.SkinColor","ambient":[1,1,1],"diffuse":[1,1,1],"specular":[0,0,0],"emissive":[0.1,0.1,0.1],"specularPower":50,"alpha":1,"backFaceCulling":true,"checkReadyOnlyOnce":false,"maxSimultaneousLights":4},
{"name":"soldier_alpha.Multicam_Cream","id":"soldier_alpha.Multicam_Cream","ambient":[1,1,1],"diffuse":[1,1,1],"specular":[0,0,0],"emissive":[0.1,0.1,0.1],"specularPower":50,"alpha":1,"backFaceCulling":true,"checkReadyOnlyOnce":false,"maxSimultaneousLights":4},
{"name":"soldier_alpha.Multicam_Brown","id":"soldier_alpha.Multicam_Brown","ambient":[1,1,1],"diffuse":[1,1,1],"specular":[0,0,0],"emissive":[0,0,0],"specularPower":50,"alpha":1,"backFaceCulling":true,"checkReadyOnlyOnce":false,"maxSimultaneousLights":4},
{"name":"soldier_alpha.Multicam_Olive","id":"soldier_alpha.Multicam_Olive","ambient":[1,1,1],"diffuse":[1,1,1],"specular":[0,0,0],"emissive":[0,0,0],"specularPower":50,"alpha":1,"backFaceCulling":true,"checkReadyOnlyOnce":false,"maxSimultaneousLights":4},
{"name":"soldier_alpha.Multicam_Tan","id":"soldier_alpha.Multicam_Tan","ambient":[1,1,1],"diffuse":[1,1,1],"specular":[0,0,0],"emissive":[0,0,0],"specularPower":50,"alpha":1,"backFaceCulling":true,"checkReadyOnlyOnce":false,"maxSimultaneousLights":4}],
"multiMaterials":[{"name":"soldier_alpha.Multimaterial#0","id":"soldier_alpha.Multimaterial#0","materials":["soldier_alpha.SkinColor","soldier_alpha.Multicam_Cream","soldier_alpha.Multicam_Brown","soldier_alpha.Multicam_Olive","soldier_alpha.Multicam_Tan"]}],
"skeletons":[{"name":"Armature","id":0,"dimensionsAtRest":[3.5982,10.7327,0.9465],"bones":[
{"name":"lowerTorso","index":0,"matrix":[1,-0.0043,-0.0004,0,0.0033,0.8201,-0.5722,0,-0.0028,-0.5722,-0.8201,0,0,3.1708,0.3,1],"rest":[1,0,0,0,0,1,0,0,0,0,-1,0,0,5.5,0.3,1],"parentBoneIndex":-1,"length":2.1
,"animation":{"dataType":3,"framePerSecond":24,"keys":[
{"frame":1,"values":[1,0,0,0,0,1,0,0,0,0,-1,0,0,5.192,0.3,1]},
{"frame":2,"values":[1,0,0,0,0,1,0,0,0,0,-1,0,0,5.2346,0.3,1]},
{"frame":3,"values":[1,0,0,0,0,1,0,0,0,0,-1,0,0,5.346,0.3,1]},
{"frame":4,"values":[1,0,0,0,0,1,0,0,0,0,-1,0,0,5.4574,0.3,1]},
{"frame":5,"values":[1,0,0,0,0,1,0,0,0,0,-1,0,0,5.5,0.3,1]},
{"frame":6,"values":[1,0,0,0,0,1,0,0,0,0,-1,0,0,5.4518,0.3,1]},
{"frame":7,"values":[1,0,0,0,0,1,0,0,0,0,-1,0,0,5.3162,0.3,1]},
{"frame":8,"values":[1,0,0,0,0,1,0,0,0,0,-1,0,0,5.1421,0.3,1]},
{"frame":9,"values":[1,0,0,0,0,1,0,0,0,0,-1,0,0,5.0065,0.3,1]},
{"frame":10,"values":[1,0,0,0,0,1,0,0,0,0,-1,0,0,4.9583,0.3,1]},
{"frame":11,"values":[1,0,0,0,0,1,0,0,0,0,-1,0,0,5.0065,0.3,1]},
{"frame":12,"values":[1,0,0,0,0,1,0,0,0,0,-1,0,0,5.1421,0.3,1]},
{"frame":13,"values":[1,0,0,0,0,1,0,0,0,0,-1,0,0,5.3162,0.3,1]},
{"frame":14,"values":[1,0,0,0,0,1,0,0,0,0,-1,0,0,5.4518,0.3,1]},
{"frame":15,"values":[1,0,0,0,0,1,0,0,0,0,-1,0,0,5.5,0.3,1]},
{"frame":16,"values":[1,0,0,0,0,1,0,0,0,0,-1,0,0,5.4726,0.3,1]},
{"frame":17,"values":[1,0,0,0,0,1,0,0,0,0,-1,0,0,5.3955,0.3,1]},
{"frame":18,"values":[1,0,0,0,0,1,0,0,0,0,-1,0,0,5.2965,0.3,1]},
{"frame":19,"values":[1,0,0,0,0,1,0,0,0,0,-1,0,0,5.2194,0.3,1]},
{"frame":20,"values":[1,0,0,0,0,1,0,0,0,0,-1,0,0,5.192,0.3,1]},
{"frame":21,"values":[1,0,0,0,0,1,0,0,0,0,-1,0,0,5.2194,0.3,1]},
{"frame":22,"values":[1,0,0,0,0,1,0,0,0,0,-1,0,0,5.2965,0.3,1]},
{"frame":23,"values":[1,0,0,0,0,1,0,0,0,0,-1,0,0,5.3955,0.3,1]},
{"frame":24,"values":[1,0,0,0,0,1,0,0,0,0,-1,0,0,5.4726,0.3,1]},
{"frame":25,"values":[1,0,0,0,0,1,0,0,0,0,-1,0,0,5.5,0.3,1]},
{"frame":68,"values":[1,0,0,0,0,1,0.0073,0,0,0.0073,-1,0,0,5.4686,0.3,1]},
{"frame":69,"values":[1,0,0,0,0,0.9996,0.0281,0,0,0.0281,-0.9996,0,0,5.38,0.3,1]},
{"frame":70,"values":[1,0,0,0,0,0.9985,0.0546,0,0,0.0546,-0.9985,0,0,5.2664,0.3,1]},
{"frame":71,"values":[1,0,0,0,0,0.9972,0.0753,0,0,0.0753,-0.9972,0,0,5.1778,0.3,1]},
{"frame":72,"values":[1,0,0,0,0,0.9966,0.0826,0,0,0.0826,-0.9966,0,0,5.1464,0.3,1]},
{"frame":73,"values":[1,0,0,0,0,0.9972,0.0753,0,0,0.0753,-0.9972,0,0,5.1778,0.3,1]},
{"frame":74,"values":[1,0,0,0,0,0.9985,0.0546,0,0,0.0546,-0.9985,0,0,5.2664,0.3,1]},
{"frame":75,"values":[1,0,0,0,0,0.9996,0.0281,0,0,0.0281,-0.9996,0,0,5.38,0.3,1]},
{"frame":76,"values":[1,0,0,0,0,1,0.0073,0,0,0.0073,-1,0,0,5.4686,0.3,1]},
{"frame":77,"values":[1,0,0,0,0,1,0,0,0,0,-1,0,0,5.5,0.3,1]},
{"frame":88,"values":[1,0,0,0,0,1,0,0,0,0,-1,0,0,5.4726,0.3,1]},
{"frame":89,"values":[1,0,0,0,0,1,0,0,0,0,-1,0,0,5.3955,0.3,1]},
{"frame":90,"values":[1,0,0,0,0,1,0,0,0,0,-1,0,0,5.2965,0.3,1]},
{"frame":91,"values":[1,0,0,0,0,1,0,0,0,0,-1,0,0,5.2194,0.3,1]},
{"frame":92,"values":[1,0,0,0,0,1,0,0,0,0,-1,0,0,5.192,0.3,1]},
{"frame":93,"values":[1,0,0,0,0,1,0,0,0,0,-1,0,0,5.2194,0.3,1]},
{"frame":94,"values":[1,0,0,0,0,1,0,0,0,0,-1,0,0,5.2965,0.3,1]},
{"frame":95,"values":[1,0,0,0,0,1,0,0,0,0,-1,0,0,5.3955,0.3,1]},
{"frame":96,"values":[1,0,0,0,0,1,0,0,0,0,-1,0,0,5.4726,0.3,1]},
{"frame":97,"values":[1,0,0,0,0,1,0,0,0,0,-1,0,0,5.5,0.3,1]},
{"frame":98,"values":[1,0,0,0,0,1,0,0,0,0,-1,0,0,5.4518,0.3,1]},
{"frame":99,"values":[1,0,0,0,0,1,0,0,0,0,-1,0,0,5.3162,0.3,1]},
{"frame":100,"values":[1,0,0,0,0,1,0,0,0,0,-1,0,0,5.1421,0.3,1]},
{"frame":101,"values":[1,0,0,0,0,1,0,0,0,0,-1,0,0,5.0065,0.3,1]},
{"frame":102,"values":[1,0,0,0,0,1,0,0,0,0,-1,0,0,4.9583,0.3,1]},
{"frame":103,"values":[1,0,0,0,0,1,0,0,0,0,-1,0,0,5.0065,0.3,1]},
{"frame":104,"values":[1,0,0,0,0,1,0,0,0,0,-1,0,0,5.1421,0.3,1]},
{"frame":105,"values":[1,0,0,0,0,1,0,0,0,0,-1,0,0,5.3162,0.3,1]},
{"frame":106,"values":[1,0,0,0,0,1,0,0,0,0,-1,0,0,5.4518,0.3,1]},
{"frame":107,"values":[1,0,0,0,0,1,0,0,0,0,-1,0,0,5.5,0.3,1]},
{"frame":108,"values":[1,0,0,0,0,1,0,0,0,0,-1,0,0,5.4981,0.3,1]},
{"frame":109,"values":[1,0,0,0,0,1,0,0,0,0,-1,0,0,5.4816,0.3,1]},
{"frame":110,"values":[1,0,0,0,0,1,0,0,0,0,-1,0,0,5.4305,0.3,1]},
{"frame":111,"values":[1,0,0,0,0,1,0,0,0,0,-1,0,0,5.3325,0.3,1]},
{"frame":112,"values":[1,0,0,0,0,1,0,0,0,0,-1,0,0,5.192,0.3,1]},
{"frame":113,"values":[1,-0.0043,-0.0004,0,0.0033,0.8201,-0.5722,0,-0.0028,-0.5722,-0.8201,0,0,2.7845,0.3,1]},
{"frame":116,"values":[1,-0.0043,-0.0004,0,0.0033,0.8201,-0.5722,0,-0.0028,-0.5722,-0.8201,0,0,2.8344,0.3,1]},
{"frame":117,"values":[1,-0.0043,-0.0004,0,0.0033,0.8201,-0.5722,0,-0.0028,-0.5722,-0.8201,0,0,2.9585,0.3,1]},
{"frame":118,"values":[1,-0.0043,-0.0004,0,0.0033,0.8201,-0.5722,0,-0.0028,-0.5722,-0.8201,0,0,3.1211,0.3,1]},
{"frame":119,"values":[1,-0.0043,-0.0004,0,0.0033,0.8201,-0.5722,0,-0.0028,-0.5722,-0.8201,0,0,3.2915,0.3,1]},
{"frame":120,"values":[1,-0.0043,-0.0004,0,0.0033,0.8201,-0.5722,0,-0.0028,-0.5722,-0.8201,0,0,3.4055,0.3,1]},
{"frame":121,"values":[1,-0.0043,-0.0004,0,0.0033,0.8201,-0.5722,0,-0.0028,-0.5722,-0.8201,0,0,3.4694,0.3,1]},
{"frame":122,"values":[1,-0.0043,-0.0004,0,0.0033,0.8201,-0.5722,0,-0.0028,-0.5722,-0.8201,0,0,3.5146,0.3,1]},
{"frame":123,"values":[1,-0.0043,-0.0004,0,0.0033,0.8201,-0.5722,0,-0.0028,-0.5722,-0.8201,0,0,3.539,0.3,1]},
{"frame":124,"values":[1,-0.0043,-0.0004,0,0.0033,0.8201,-0.5722,0,-0.0028,-0.5722,-0.8201,0,0,3.5474,0.3,1]},
{"frame":125,"values":[1,-0.0043,-0.0004,0,0.0033,0.8201,-0.5722,0,-0.0028,-0.5722,-0.8201,0,0,3.5486,0.3,1]},
{"frame":126,"values":[1,-0.0043,-0.0004,0,0.0033,0.8201,-0.5722,0,-0.0028,-0.5722,-0.8201,0,0,3.5359,0.3,1]},
{"frame":127,"values":[1,-0.0043,-0.0004,0,0.0033,0.8201,-0.5722,0,-0.0028,-0.5722,-0.8201,0,0,3.5001,0.3,1]},
{"frame":128,"values":[1,-0.0043,-0.0004,0,0.0033,0.8201,-0.5722,0,-0.0028,-0.5722,-0.8201,0,0,3.4541,0.3,1]},
{"frame":129,"values":[1,-0.0043,-0.0004,0,0.0033,0.8201,-0.5722,0,-0.0028,-0.5722,-0.8201,0,0,3.4182,0.3,1]},
{"frame":130,"values":[1,-0.0043,-0.0004,0,0.0033,0.8201,-0.5722,0,-0.0028,-0.5722,-0.8201,0,0,3.4055,0.3,1]},
{"frame":131,"values":[1,-0.0043,-0.0004,0,0.0033,0.8201,-0.5722,0,-0.0028,-0.5722,-0.8201,0,0,3.4182,0.3,1]},
{"frame":132,"values":[1,-0.0043,-0.0004,0,0.0033,0.8201,-0.5722,0,-0.0028,-0.5722,-0.8201,0,0,3.4541,0.3,1]},
{"frame":133,"values":[1,-0.0043,-0.0004,0,0.0033,0.8201,-0.5722,0,-0.0028,-0.5722,-0.8201,0,0,3.5001,0.3,1]},
{"frame":134,"values":[1,-0.0043,-0.0004,0,0.0033,0.8201,-0.5722,0,-0.0028,-0.5722,-0.8201,0,0,3.5359,0.3,1]},
{"frame":135,"values":[1,-0.0043,-0.0004,0,0.0033,0.8201,-0.5722,0,-0.0028,-0.5722,-0.8201,0,0,3.5486,0.3,1]},
{"frame":136,"values":[1,-0.0043,-0.0004,0,0.0033,0.8201,-0.5722,0,-0.0028,-0.5722,-0.8201,0,0,3.5477,0.3,1]},
{"frame":137,"values":[1,-0.0043,-0.0004,0,0.0033,0.8201,-0.5722,0,-0.0028,-0.5722,-0.8201,0,0,3.54,0.3,1]},
{"frame":138,"values":[1,-0.0043,-0.0004,0,0.0033,0.8201,-0.5722,0,-0.0028,-0.5722,-0.8201,0,0,3.5163,0.3,1]},
{"frame":139,"values":[1,-0.0043,-0.0004,0,0.0033,0.8201,-0.5722,0,-0.0028,-0.5722,-0.8201,0,0,3.4708,0.3,1]},
{"frame":140,"values":[1,-0.0043,-0.0004,0,0.0033,0.8201,-0.5722,0,-0.0028,-0.5722,-0.8201,0,0,3.4055,0.3,1]},
{"frame":141,"values":[1,-0.0043,-0.0004,0,0.0033,0.8201,-0.5722,0,-0.0028,-0.5722,-0.8201,0,0,3.2978,0.3,1]},
{"frame":142,"values":[1,-0.0043,-0.0004,0,0.0033,0.8201,-0.5722,0,-0.0028,-0.5722,-0.8201,0,0,3.1326,0.3,1]},
{"frame":143,"values":[1,-0.0043,-0.0004,0,0.0033,0.8201,-0.5722,0,-0.0028,-0.5722,-0.8201,0,0,2.9552,0.3,1]},
{"frame":144,"values":[1,-0.0043,-0.0004,0,0.0033,0.8201,-0.5722,0,-0.0028,-0.5722,-0.8201,0,0,2.8278,0.3,1]},
{"frame":145,"values":[1,-0.0043,-0.0004,0,0.0033,0.8201,-0.5722,0,-0.0028,-0.5722,-0.8201,0,0,2.7845,0.3,1]},
{"frame":146,"values":[1,-0.0043,-0.0004,0,0.0033,0.8201,-0.5722,0,-0.0028,-0.5722,-0.8201,0,0,2.8188,0.3,1]},
{"frame":147,"values":[1,-0.0043,-0.0004,0,0.0033,0.8201,-0.5722,0,-0.0028,-0.5722,-0.8201,0,0,2.9155,0.3,1]},
{"frame":148,"values":[1,-0.0043,-0.0004,0,0.0033,0.8201,-0.5722,0,-0.0028,-0.5722,-0.8201,0,0,3.0397,0.3,1]},
{"frame":149,"values":[1,-0.0043,-0.0004,0,0.0033,0.8201,-0.5722,0,-0.0028,-0.5722,-0.8201,0,0,3.1364,0.3,1]},
{"frame":150,"values":[1,-0.0043,-0.0004,0,0.0033,0.8201,-0.5722,0,-0.0028,-0.5722,-0.8201,0,0,3.1708,0.3,1]},
{"frame":165,"values":[1,-0.0043,-0.0004,0,0.0033,0.8201,-0.5722,0,-0.0028,-0.5722,-0.8201,0,0,3.1708,0.3,1]}],"loopBehavior":1,"name":"anim","property":"_matrix"}},
{"name":"upperTorso","index":1,"matrix":[0.9995,-0.0272,-0.017,0,0.0233,0.9796,-0.1996,0,0.0221,0.1991,0.9797,0,0,2.1,0,1],"rest":[1,0,0,0,0,1,0,0,0,0,1,0,0,2.1,0,1],"parentBoneIndex":0,"length":1.3
,"animation":{"dataType":3,"framePerSecond":24,"keys":[
{"frame":1,"values":[1,0,0,0,0,0.9684,0.2496,0,0,-0.2496,0.9684,0,0,2.1,0,1]},
{"frame":21,"values":[1,0,0,0,0,0.9737,0.228,0,0,-0.228,0.9737,0,0,2.1,0,1]},
{"frame":22,"values":[1,0,0,0,0,0.9861,0.1664,0,0,-0.1664,0.9861,0,0,2.1,0,1]},
{"frame":23,"values":[1,0,0,0,0,0.9963,0.0859,0,0,-0.0859,0.9963,0,0,2.1,0,1]},
{"frame":24,"values":[1,0,0,0,0,0.9997,0.0225,0,0,-0.0225,0.9997,0,0,2.1,0,1]},
{"frame":25,"values":[1,0,0,0,0,1,0,0,0,0,1,0,0,2.1,0,1]},
{"frame":28,"values":[0.9999,-0.0001,-0.0106,0,0.0001,1,0,0,0.0106,0,0.9999,0,0,2.1,0,1]},
{"frame":29,"values":[0.9992,-0.0004,-0.0405,0,0.0004,1,0,0,0.0405,-0.0001,0.9992,0,0,2.1,0,1]},
{"frame":30,"values":[0.9969,-0.0008,-0.0788,0,0.0008,1,0.0001,0,0.0788,-0.0001,0.9969,0,0,2.1,0,1]},
{"frame":31,"values":[0.9941,-0.0011,-0.1085,0,0.0011,1,0.0001,0,0.1085,-0.0002,0.9941,0,0,2.1,0,1]},
{"frame":32,"values":[0.9929,-0.0012,-0.119,0,0.0012,1,0.0001,0,0.119,-0.0002,0.9929,0,0,2.1,0,1]},
{"frame":33,"values":[0.9941,-0.0011,-0.1085,0,0.0011,1,0.0001,0,0.1085,-0.0002,0.9941,0,0,2.1,0,1]},
{"frame":34,"values":[0.9969,-0.0008,-0.0788,0,0.0008,1,0.0001,0,0.0788,-0.0001,0.9969,0,0,2.1,0,1]},
{"frame":35,"values":[0.9992,-0.0004,-0.0405,0,0.0004,1,0,0,0.0405,-0.0001,0.9992,0,0,2.1,0,1]},
{"frame":36,"values":[0.9999,-0.0001,-0.0106,0,0.0001,1,0,0,0.0106,0,0.9999,0,0,2.1,0,1]},
{"frame":37,"values":[1,0,0,0,0,1,0,0,0,0,1,0,0,2.1,0,1]},
{"frame":48,"values":[0.9999,0.001,0.0106,0,-0.001,1,0,0,-0.0106,0,0.9999,0,0,2.1,0,1]},
{"frame":49,"values":[0.9992,0.0039,0.0404,0,-0.0039,1,0,0,-0.0404,-0.0001,0.9992,0,0,2.1,0,1]},
{"frame":50,"values":[0.9969,0.0077,0.0786,0,-0.0077,1,-0.0002,0,-0.0786,-0.0004,0.9969,0,0,2.1,0,1]},
{"frame":51,"values":[0.9941,0.0106,0.1083,0,-0.0106,0.9999,-0.0005,0,-0.1083,-0.0007,0.9941,0,0,2.1,0,1]},
{"frame":52,"values":[0.9929,0.0116,0.1188,0,-0.0116,0.9999,-0.0006,0,-0.1188,-0.0008,0.9929,0,0,2.1,0,1]},
{"frame":53,"values":[0.9941,0.0106,0.1083,0,-0.0106,0.9999,-0.0005,0,-0.1083,-0.0007,0.9941,0,0,2.1,0,1]},
{"frame":54,"values":[0.9969,0.0077,0.0786,0,-0.0077,1,-0.0002,0,-0.0786,-0.0004,0.9969,0,0,2.1,0,1]},
{"frame":55,"values":[0.9992,0.0039,0.0404,0,-0.0039,1,0,0,-0.0404,-0.0001,0.9992,0,0,2.1,0,1]},
{"frame":56,"values":[0.9999,0.001,0.0106,0,-0.001,1,0,0,-0.0106,0,0.9999,0,0,2.1,0,1]},
{"frame":57,"values":[1,0,0,0,0,1,0,0,0,0,1,0,0,2.1,0,1]},
{"frame":68,"values":[0.9999,0.0014,-0.0167,0,-0.0014,1,0,0,0.0167,0,0.9999,0,0,2.1,0,1]},
{"frame":69,"values":[0.998,0.0053,-0.0637,0,-0.0053,1,0.0002,0,0.0637,0.0002,0.998,0,0,2.1,0,1]},
{"frame":70,"values":[0.9922,0.0103,-0.1239,0,-0.0103,0.9999,0.0006,0,0.1239,0.0006,0.9923,0,0,2.1,0,1]},
{"frame":71,"values":[0.9853,0.0141,-0.1704,0,-0.0141,0.9999,0.0012,0,0.1704,0.0012,0.9854,0,0,2.1,0,1]},
{"frame":72,"values":[0.9823,0.0155,-0.1868,0,-0.0155,0.9999,0.0015,0,0.1868,0.0015,0.9824,0,0,2.1,0,1]},
{"frame":73,"values":[0.9842,0.0141,-0.1763,0,-0.0141,0.9999,0.0013,0,0.1763,0.0013,0.9843,0,0,2.1,0,1]},
{"frame":74,"values":[0.9895,0.0103,-0.1441,0,-0.0103,0.9999,0.0007,0,0.1441,0.0007,0.9896,0,0,2.1,0,1]},
{"frame":75,"values":[0.9954,0.0053,-0.0953,0,-0.0053,1,0.0003,0,0.0953,0.0003,0.9954,0,0,2.1,0,1]},
{"frame":76,"values":[0.9991,0.0014,-0.0435,0,-0.0014,1,0,0,0.0435,0,0.9991,0,0,2.1,0,1]},
{"frame":77,"values":[1,0,0,0,0,1,0,0,0,0,1,0,0,2.1,0,1]},
{"frame":78,"values":[0.9991,0.0009,0.0433,0,-0.0009,1,0,0,-0.0433,0,0.9991,0,0,2.1,0,1]},
{"frame":79,"values":[0.9955,0.0035,0.0948,0,-0.0035,1,-0.0001,0,-0.0948,-0.0002,0.9955,0,0,2.1,0,1]},
{"frame":80,"values":[0.9897,0.0069,0.143,0,-0.0069,1,-0.0004,0,-0.143,-0.0005,0.9897,0,0,2.1,0,1]},
{"frame":81,"values":[0.9845,0.0095,0.1749,0,-0.0095,1,-0.0008,0,-0.1749,-0.0009,0.9846,0,0,2.1,0,1]},
{"frame":82,"values":[0.9826,0.0104,0.1852,0,-0.0104,0.9999,-0.0009,0,-0.1852,-0.001,0.9827,0,0,2.1,0,1]},
{"frame":83,"values":[0.9856,0.0095,0.1689,0,-0.0095,1,-0.0007,0,-0.1689,-0.0009,0.9856,0,0,2.1,0,1]},
{"frame":84,"values":[0.9924,0.0069,0.1228,0,-0.0069,1,-0.0004,0,-0.1228,-0.0005,0.9924,0,0,2.1,0,1]},
{"frame":85,"values":[0.998,0.0035,0.0631,0,-0.0035,1,-0.0001,0,-0.0631,-0.0001,0.998,0,0,2.1,0,1]},
{"frame":86,"values":[0.9999,0.0009,0.0165,0,-0.0009,1,0,0,-0.0165,0,0.9999,0,0,2.1,0,1]},
{"frame":87,"values":[1,0,0,0,0,1,0,0,0,0,1,0,0,2.1,0,1]},
{"frame":93,"values":[0.9998,0,0.0181,0,0,1,0,0,-0.0181,0,0.9998,0,0,2.1,0,1]},
{"frame":94,"values":[0.9976,0,0.0691,0,0,1,0,0,-0.0691,0,0.9976,0,0,2.1,0,1]},
{"frame":95,"values":[0.991,0,0.1341,0,0,1,0,0,-0.1341,0,0.991,0,0,2.1,0,1]},
{"frame":96,"values":[0.9829,0,0.1842,0,0,1,0,0,-0.1842,0,0.9829,0,0,2.1,0,1]},
{"frame":97,"values":[0.9794,0,0.2018,0,0,1,0,0,-0.2018,0,0.9794,0,0,2.1,0,1]},
{"frame":98,"values":[0.9817,0,0.1906,0,0,1,0,0,-0.1906,0,0.9817,0,0,2.1,0,1]},
{"frame":99,"values":[0.9878,0,0.156,0,0,1,0,0,-0.156,0,0.9878,0,0,2.1,0,1]},
{"frame":100,"values":[0.9946,0,0.1035,0,0,1,0,0,-0.1035,0,0.9946,0,0,2.1,0,1]},
{"frame":101,"values":[0.9989,0,0.0473,0,0,1,0,0,-0.0473,0,0.9989,0,0,2.1,0,1]},
{"frame":102,"values":[1,0,0,0,0,1,0,0,0,0,1,0,0,2.1,0,1]},
{"frame":103,"values":[0.9989,0,-0.0473,0,0,1,0,0,0.0473,0,0.9989,0,0,2.1,0,1]},
{"frame":104,"values":[0.9946,0,-0.1035,0,0,1,0,0,0.1035,0,0.9946,0,0,2.1,0,1]},
{"frame":105,"values":[0.9878,0,-0.156,0,0,1,0,0,0.156,0,0.9878,0,0,2.1,0,1]},
{"frame":106,"values":[0.9817,0,-0.1906,0,0,1,0,0,0.1906,0,0.9817,0,0,2.1,0,1]},
{"frame":107,"values":[0.9794,0,-0.2018,0,0,1,0,0,0.2018,0,0.9794,0,0,2.1,0,1]},
{"frame":108,"values":[0.9829,0,-0.1842,0,0,1,0,0,0.1842,0,0.9829,0,0,2.1,0,1]},
{"frame":109,"values":[0.991,0,-0.1341,0,0,1,0,0,0.1341,0,0.991,0,0,2.1,0,1]},
{"frame":110,"values":[0.9976,0,-0.0691,0,0,1,0,0,0.0691,0,0.9976,0,0,2.1,0,1]},
{"frame":111,"values":[0.9998,0,-0.0181,0,0,1,0,0,0.0181,0,0.9998,0,0,2.1,0,1]},
{"frame":112,"values":[1,0,0,0,0,1,0,0,0,0,1,0,0,2.1,0,1]},
{"frame":113,"values":[1,0,0,0,0,0.9565,-0.2917,0,0,0.2917,0.9565,0,0,2.1,0,1]},
{"frame":116,"values":[1,-0.0001,0,0,0.0001,0.9655,-0.2602,0,0.0001,0.2602,0.9655,0,0,2.1,0,1]},
{"frame":117,"values":[1,-0.0003,-0.0004,0,0.0002,0.9821,-0.1886,0,0.0004,0.1886,0.9821,0,0,2.1,0,1]},
{"frame":118,"values":[0.9947,-0.0056,-0.1022,0,-0.0047,0.9949,-0.1005,0,0.1022,0.1004,0.9897,0,0,2.1,0,1]},
{"frame":119,"values":[0.9794,-0.0024,-0.2021,0,-0.0011,0.9998,-0.0174,0,0.2021,0.0172,0.9792,0,0,2.1,0,1]},
{"frame":120,"values":[0.9794,0.0011,-0.2018,0,0.0025,0.9998,0.0173,0,0.2018,-0.0174,0.9793,0,0,2.1,0,1]},
{"frame":121,"values":[0.9806,0.001,-0.1962,0,0.0024,0.9998,0.0173,0,0.1962,-0.0174,0.9804,0,0,2.1,0,1]},
{"frame":122,"values":[0.9838,0.0009,-0.179,0,0.0023,0.9998,0.0173,0,0.179,-0.0174,0.9837,0,0,2.1,0,1]},
{"frame":123,"values":[0.9882,0.0006,-0.153,0,0.0021,0.9998,0.0174,0,0.153,-0.0175,0.9881,0,0,2.1,0,1]},
{"frame":124,"values":[0.9921,0.0004,-0.1252,0,0.0018,0.9998,0.0174,0,0.1251,-0.0175,0.992,0,0,2.1,0,1]},
{"frame":125,"values":[0.9948,0.0002,-0.1017,0,0.0016,0.9998,0.0174,0,0.1017,-0.0175,0.9947,0,0,2.1,0,1]},
{"frame":126,"values":[0.9969,0,-0.0782,0,0.0014,0.9998,0.0175,0,0.0782,-0.0175,0.9968,0,0,2.1,0,1]},
{"frame":127,"values":[0.9987,-0.0003,-0.05,0,0.0012,0.9998,0.0175,0,0.05,-0.0175,0.9986,0,0,2.1,0,1]},
{"frame":128,"values":[0.9997,-0.0005,-0.0235,0,0.0009,0.9998,0.0175,0,0.0235,-0.0175,0.9996,0,0,2.1,0,1]},
{"frame":129,"values":[1,-0.0007,-0.0058,0,0.0008,0.9998,0.0175,0,0.0058,-0.0175,0.9998,0,0,2.1,0,1]},
{"frame":130,"values":[1,-0.0007,0,0,0.0007,0.9998,0.0175,0,0,-0.0175,0.9998,0,0,2.1,0,1]},
{"frame":131,"values":[1,-0.0007,-0.0058,0,0.0008,0.9998,0.0175,0,0.0058,-0.0175,0.9998,0,0,2.1,0,1]},
{"frame":132,"values":[0.9997,-0.0005,-0.0235,0,0.0009,0.9998,0.0175,0,0.0235,-0.0175,0.9996,0,0,2.1,0,1]},
{"frame":133,"values":[0.9987,-0.0003,-0.05,0,0.0012,0.9998,0.0175,0,0.05,-0.0175,0.9986,0,0,2.1,0,1]},
{"frame":134,"values":[0.9969,0,-0.0782,0,0.0014,0.9998,0.0175,0,0.0782,-0.0175,0.9968,0,0,2.1,0,1]},
{"frame":135,"values":[0.9948,0.0002,-0.1017,0,0.0016,0.9998,0.0174,0,0.1017,-0.0175,0.9947,0,0,2.1,0,1]},
{"frame":136,"values":[0.9921,0.0004,-0.1252,0,0.0018,0.9998,0.0174,0,0.1251,-0.0175,0.992,0,0,2.1,0,1]},
{"frame":137,"values":[0.9882,0.0006,-0.153,0,0.0021,0.9998,0.0174,0,0.153,-0.0175,0.9881,0,0,2.1,0,1]},
{"frame":138,"values":[0.9838,0.0009,-0.179,0,0.0023,0.9998,0.0173,0,0.179,-0.0174,0.9837,0,0,2.1,0,1]},
{"frame":139,"values":[0.9806,0.001,-0.1962,0,0.0024,0.9998,0.0173,0,0.1962,-0.0174,0.9804,0,0,2.1,0,1]},
{"frame":140,"values":[0.9794,0.0011,-0.2018,0,0.0025,0.9998,0.0173,0,0.2018,-0.0174,0.9793,0,0,2.1,0,1]},
{"frame":141,"values":[0.9829,-0.0016,-0.1844,0,-0.0003,0.9999,-0.0102,0,0.1844,0.0101,0.9828,0,0,2.1,0,1]},
{"frame":142,"values":[0.9909,-0.0064,-0.1344,0,-0.0055,0.9961,-0.0883,0,0.1344,0.0882,0.987,0,0,2.1,0,1]},
{"frame":143,"values":[0.9976,-0.0068,-0.069,0,-0.0063,0.9821,-0.1884,0,0.069,0.1883,0.9797,0,0,2.1,0,1]},
{"frame":144,"values":[0.9998,-0.0025,-0.018,0,-0.0024,0.9643,-0.265,0,0.018,0.265,0.9641,0,0,2.1,0,1]},
{"frame":145,"values":[1,0,0,0,0,0.9565,-0.2917,0,0,0.2917,0.9565,0,0,2.1,0,1]},
{"frame":146,"values":[1,0,0,0,0,0.9589,-0.2836,0,0,0.2836,0.9589,0,0,2.1,0,1]},
{"frame":147,"values":[1,0,-0.0001,0,0,0.9654,-0.2607,0,0.0001,0.2607,0.9654,0,0,2.1,0,1]},
{"frame":148,"values":[1,-0.0001,-0.0002,0,0,0.9729,-0.231,0,0.0002,0.231,0.9729,0,0,2.1,0,1]},
{"frame":149,"values":[1,-0.0002,-0.0003,0,0.0001,0.9782,-0.2078,0,0.0003,0.2078,0.9782,0,0,2.1,0,1]},
{"frame":150,"values":[1,-0.0003,-0.0003,0,0.0002,0.9799,-0.1994,0,0.0004,0.1994,0.9799,0,0,2.1,0,1]},
{"frame":151,"values":[1,-0.0058,0.0057,0,0.0068,0.9799,-0.1994,0,-0.0045,0.1994,0.9799,0,0,2.1,0,1]},
{"frame":152,"values":[0.9995,-0.0213,0.0228,0,0.0254,0.9797,-0.1991,0,-0.0181,0.1996,0.9797,0,0,2.1,0,1]},
{"frame":153,"values":[0.9982,-0.0411,0.0446,0,0.0492,0.9789,-0.1983,0,-0.0355,0.2001,0.9791,0,0,2.1,0,1]},
{"frame":154,"values":[0.9965,-0.0565,0.0616,0,0.0676,0.978,-0.1974,0,-0.0491,0.2008,0.9784,0,0,2.1,0,1]},
{"frame":155,"values":[0.9958,-0.0619,0.0676,0,0.0742,0.9776,-0.1969,0,-0.0539,0.2011,0.9781,0,0,2.1,0,1]},
{"frame":156,"values":[0.9968,-0.0573,0.0563,0,0.0674,0.978,-0.1975,0,-0.0437,0.2007,0.9787,0,0,2.1,0,1]},
{"frame":157,"values":[0.9987,-0.0442,0.0242,0,0.0482,0.9788,-0.1989,0,-0.0149,0.1998,0.9797,0,0,2.1,0,1]},
{"frame":158,"values":[0.9995,-0.0272,-0.017,0,0.0233,0.9796,-0.1996,0,0.0221,0.1991,0.9797,0,0,2.1,0,1]},
{"frame":159,"values":[0.9987,-0.0136,-0.0492,0,0.0035,0.9799,-0.1995,0,0.0509,0.1991,0.9787,0,0,2.1,0,1]},
{"frame":160,"values":[0.9981,-0.0082,-0.0606,0,-0.0041,0.9799,-0.1993,0,0.061,0.1992,0.9781,0,0,2.1,0,1]},
{"frame":161,"values":[0.9984,-0.0068,-0.0553,0,-0.0044,0.9799,-0.1993,0,0.0556,0.1992,0.9784,0,0,2.1,0,1]},
{"frame":162,"values":[0.9992,-0.0047,-0.0403,0,-0.0034,0.9799,-0.1994,0,0.0404,0.1993,0.9791,0,0,2.1,0,1]},
{"frame":163,"values":[0.9998,-0.0024,-0.0208,0,-0.0018,0.9799,-0.1994,0,0.0209,0.1994,0.9797,0,0,2.1,0,1]},
{"frame":164,"values":[1,-0.0008,-0.0057,0,-0.0003,0.9799,-0.1994,0,0.0058,0.1994,0.9799,0,0,2.1,0,1]},
{"frame":165,"values":[1,-0.0003,-0.0003,0,0.0002,0.9799,-0.1994,0,0.0004,0.1994,0.9799,0,0,2.1,0,1]}],"loopBehavior":1,"name":"anim","property":"_matrix"}},
{"name":"neck","index":2,"matrix":[1,0,0,0,0,0.9905,-0.1374,0,0,0.1374,0.9905,0,0,1.3,0,1],"rest":[1,0,0,0,0,0.9701,0.2425,0,0,-0.2425,0.9701,0,0,1.3,0,1],"parentBoneIndex":1,"length":0.4123
,"animation":{"dataType":3,"framePerSecond":24,"keys":[
{"frame":1,"values":[1,0,0,0,0,0.9701,0.2425,0,0,-0.2425,0.9701,0,0,1.3,0,1]},
{"frame":113,"values":[1,0,0,0,0,0.9905,-0.1374,0,0,0.1374,0.9905,0,0,1.3,0,1]},
{"frame":116,"values":[1,-0.0001,-0.0001,0,0,0.9946,-0.1038,0,0.0001,0.1038,0.9946,0,0,1.3,0,1]},
{"frame":117,"values":[1,-0.0002,-0.0005,0,0.0002,0.9996,-0.0278,0,0.0005,0.0278,0.9996,0,0,1.3,0,1]},
{"frame":118,"values":[1,-0.0003,-0.0008,0,0.0003,0.9979,0.0642,0,0.0008,-0.0642,0.9979,0,0,1.3,0,1]},
{"frame":119,"values":[1,-0.0003,-0.0012,0,0.0005,0.9887,0.15,0,0.0011,-0.15,0.9887,0,0,1.3,0,1]},
{"frame":120,"values":[1,-0.0003,-0.0014,0,0.0006,0.9826,0.1857,0,0.0013,-0.1857,0.9826,0,0,1.3,0,1]},
{"frame":141,"values":[1,-0.0003,-0.0012,0,0.0005,0.9875,0.1574,0,0.0012,-0.1574,0.9875,0,0,1.3,0,1]},
{"frame":142,"values":[1,-0.0003,-0.0009,0,0.0003,0.9971,0.0767,0,0.0009,-0.0767,0.9971,0,0,1.3,0,1]},
{"frame":143,"values":[1,-0.0002,-0.0005,0,0.0002,0.9996,-0.0278,0,0.0005,0.0278,0.9996,0,0,1.3,0,1]},
{"frame":144,"values":[1,0,-0.0001,0,0,0.9941,-0.1088,0,0.0001,0.1088,0.9941,0,0,1.3,0,1]},
{"frame":145,"values":[1,0,0,0,0,0.9905,-0.1374,0,0,0.1374,0.9905,0,0,1.3,0,1]},
{"frame":165,"values":[1,0,0,0,0,0.9905,-0.1374,0,0,0.1374,0.9905,0,0,1.3,0,1]}],"loopBehavior":1,"name":"anim","property":"_matrix"}},
{"name":"head","index":3,"matrix":[1,0,0,0,0,0.9937,-0.1122,0,0,0.1122,0.9937,0,0,0.4123,0,1],"rest":[1,0,0,0,0,0.9937,-0.1122,0,0,0.1122,0.9937,0,0,0.4123,0,1],"parentBoneIndex":2,"length":1.5133
,"animation":{"dataType":3,"framePerSecond":24,"keys":[
{"frame":1,"values":[1,0.0046,-0.002,0,-0.005,0.9408,-0.3388,0,0.0004,0.3388,0.9409,0,0,0.4123,0,1]},
{"frame":21,"values":[1,0.0042,-0.0018,0,-0.0046,0.9476,-0.3194,0,0.0004,0.3194,0.9476,0,0,0.4123,0,1]},
{"frame":22,"values":[1,0.0031,-0.0012,0,-0.0033,0.9646,-0.2638,0,0.0004,0.2638,0.9646,0,0,0.4123,0,1]},
{"frame":23,"values":[1,0.0016,-0.0006,0,-0.0017,0.9816,-0.1907,0,0.0003,0.1907,0.9816,0,0,0.4123,0,1]},
{"frame":24,"values":[1,0.0004,-0.0001,0,-0.0004,0.9911,-0.1329,0,0.0001,0.1329,0.9911,0,0,0.4123,0,1]},
{"frame":25,"values":[1,0,0,0,0,0.9937,-0.1122,0,0,0.1122,0.9937,0,0,0.4123,0,1]},
{"frame":116,"values":[1,0.0001,0.0002,0,0,0.9876,-0.1568,0,-0.0002,0.1568,0.9876,0,0,0.4123,0,1]},
{"frame":117,"values":[1,0.0002,0.0006,0,-0.0001,0.9667,-0.256,0,-0.0006,0.256,0.9667,0,0,0.4123,0,1]},
{"frame":118,"values":[1,0.0005,0.0011,0,0,0.9281,-0.3724,0,-0.0012,0.3724,0.9281,0,0,0.4123,0,1]},
{"frame":119,"values":[1,0.0007,0.0015,0,0.0001,0.8792,-0.4765,0,-0.0017,0.4765,0.8792,0,0,0.4123,0,1]},
{"frame":120,"values":[1,0.0009,0.0017,0,0.0001,0.8553,-0.5182,0,-0.0019,0.5182,0.8553,0,0,0.4123,0,1]},
{"frame":141,"values":[1,0.0008,0.0015,0,0.0001,0.8744,-0.4852,0,-0.0017,0.4852,0.8744,0,0,0.4123,0,1]},
{"frame":142,"values":[1,0.0005,0.0011,0,0,0.9217,-0.3879,0,-0.0012,0.3879,0.9217,0,0,0.4123,0,1]},
{"frame":143,"values":[1,0.0002,0.0006,0,-0.0001,0.9667,-0.256,0,-0.0006,0.256,0.9667,0,0,0.4123,0,1]},
{"frame":144,"values":[1,0,0.0002,0,0,0.9887,-0.1501,0,-0.0002,0.1501,0.9887,0,0,0.4123,0,1]},
{"frame":145,"values":[1,0,0,0,0,0.9937,-0.1122,0,0,0.1122,0.9937,0,0,0.4123,0,1]},
{"frame":165,"values":[1,0,0,0,0,0.9937,-0.1122,0,0,0.1122,0.9937,0,0,0.4123,0,1]}],"loopBehavior":1,"name":"anim","property":"_matrix"}},
{"name":"clavicleR","index":4,"matrix":[-0.2176,0.8444,0.4896,0,-0.8833,-0.3837,0.2693,0,0.4153,-0.3739,0.8293,0,-0.2441,1.227,-0.0299,1],"rest":[-0.3096,0.8722,0.3787,0,-0.9307,-0.3596,0.0674,0,0.195,-0.3316,0.9231,0,-0.2441,1.227,-0.0299,1],"parentBoneIndex":1,"length":1.2419
,"animation":{"dataType":3,"framePerSecond":24,"keys":[
{"frame":1,"values":[-0.0674,0.8804,0.4694,0,-0.7949,-0.3317,0.5081,0,0.603,-0.3389,0.7222,0,-0.2441,1.227,-0.0299,1]},
{"frame":2,"values":[-0.0487,0.8808,0.471,0,-0.7833,-0.3263,0.5292,0,0.6198,-0.3431,0.7058,0,-0.2441,1.227,-0.0299,1]},
{"frame":3,"values":[0.0004,0.8812,0.4727,0,-0.75,-0.3124,0.583,0,0.6615,-0.3547,0.6608,0,-0.2441,1.227,-0.0299,1]},
{"frame":4,"values":[0.0494,0.8808,0.4709,0,-0.7128,-0.2992,0.6344,0,0.6996,-0.367,0.613,0,-0.2441,1.227,-0.0299,1]},
{"frame":5,"values":[0.0681,0.8804,0.4693,0,-0.6976,-0.2943,0.6533,0,0.7133,-0.3719,0.5941,0,-0.2441,1.227,-0.0299,1]},
{"frame":6,"values":[0.0642,0.8805,0.4697,0,-0.7008,-0.2953,0.6493,0,0.7104,-0.3709,0.5981,0,-0.2441,1.227,-0.0299,1]},
{"frame":7,"values":[0.052,0.8807,0.4707,0,-0.7107,-0.2985,0.637,0,0.7016,-0.3677,0.6104,0,-0.2441,1.227,-0.0299,1]},
{"frame":8,"values":[0.0336,0.881,0.4719,0,-0.7252,-0.3034,0.6181,0,0.6877,-0.363,0.6287,0,-0.2441,1.227,-0.0299,1]},
{"frame":9,"values":[0.0137,0.8812,0.4725,0,-0.7403,-0.3088,0.5972,0,0.6722,-0.358,0.6481,0,-0.2441,1.227,-0.0299,1]},
{"frame":10,"values":[-0.0034,0.8812,0.4727,0,-0.7527,-0.3135,0.579,0,0.6584,-0.3538,0.6644,0,-0.2441,1.227,-0.0299,1]},
{"frame":11,"values":[-0.0212,0.8812,0.4723,0,-0.7651,-0.3184,0.5597,0,0.6436,-0.3495,0.6809,0,-0.2441,1.227,-0.0299,1]},
{"frame":12,"values":[-0.0428,0.8809,0.4714,0,-0.7794,-0.3246,0.5358,0,0.625,-0.3445,0.7005,0,-0.2441,1.227,-0.0299,1]},
{"frame":13,"values":[-0.0634,0.8805,0.4698,0,-0.7924,-0.3306,0.5126,0,0.6066,-0.3398,0.7187,0,-0.2441,1.227,-0.0299,1]},
{"frame":14,"values":[-0.0773,0.8801,0.4684,0,-0.8008,-0.3347,0.4968,0,0.594,-0.3367,0.7306,0,-0.2441,1.227,-0.0299,1]},
{"frame":15,"values":[-0.0818,0.88,0.4679,0,-0.8034,-0.336,0.4916,0,0.5898,-0.3357,0.7345,0,-0.2441,1.227,-0.0299,1]},
{"frame":16,"values":[-0.0805,0.88,0.468,0,-0.8027,-0.3356,0.493,0,0.591,-0.336,0.7334,0,-0.2441,1.227,-0.0299,1]},
{"frame":17,"values":[-0.0769,0.8801,0.4684,0,-0.8006,-0.3346,0.4972,0,0.5943,-0.3368,0.7303,0,-0.2441,1.227,-0.0299,1]},
{"frame":18,"values":[-0.0723,0.8803,0.4689,0,-0.7978,-0.3332,0.5025,0,0.5986,-0.3378,0.7264,0,-0.2441,1.227,-0.0299,1]},
{"frame":19,"values":[-0.0687,0.8804,0.4693,0,-0.7956,-0.3321,0.5066,0,0.6019,-0.3386,0.7233,0,-0.2441,1.227,-0.0299,1]},
{"frame":20,"values":[-0.0674,0.8804,0.4694,0,-0.7949,-0.3317,0.5081,0,0.603,-0.3389,0.7222,0,-0.2441,1.227,-0.0299,1]},
{"frame":21,"values":[-0.068,0.8804,0.4693,0,-0.7955,-0.3317,0.507,0,0.6021,-0.3389,0.7229,0,-0.2441,1.227,-0.0299,1]},
{"frame":22,"values":[-0.0725,0.8804,0.4687,0,-0.8003,-0.3318,0.4995,0,0.5953,-0.3389,0.7286,0,-0.2441,1.227,-0.0299,1]},
{"frame":23,"values":[-0.0855,0.8804,0.4665,0,-0.8138,-0.3318,0.477,0,0.5748,-0.3388,0.7449,0,-0.2441,1.227,-0.0299,1]},
{"frame":24,"values":[-0.1098,0.8804,0.4614,0,-0.8377,-0.3318,0.4338,0,0.535,-0.3389,0.7739,0,-0.2441,1.227,-0.0299,1]},
{"frame":25,"values":[-0.1438,0.8804,0.4519,0,-0.8677,-0.3317,0.3701,0,0.4758,-0.3389,0.8117,0,-0.2441,1.227,-0.0299,1]},
{"frame":26,"values":[-0.404,0.8478,0.3434,0,-0.9147,-0.3754,-0.1494,0,0.0022,-0.3745,0.9272,0,-0.2441,1.227,-0.0299,1]},
{"frame":113,"values":[-0.2176,0.8444,0.4896,0,-0.8833,-0.3837,0.2693,0,0.4153,-0.3739,0.8293,0,-0.2441,1.227,-0.0299,1]},
{"frame":165,"values":[-0.2176,0.8444,0.4896,0,-0.8833,-0.3837,0.2693,0,0.4153,-0.3739,0.8293,0,-0.2441,1.227,-0.0299,1]}],"loopBehavior":1,"name":"anim","property":"_matrix"}},
{"name":"upperArmR","index":5,"matrix":[-0.5094,-0.8461,-0.1573,0,-0.8472,0.4609,0.2644,0,-0.1512,0.2679,-0.9515,0,-0.006,1.2419,0.0046,1],"rest":[-0.4878,-0.8674,0.0988,0,-0.8249,0.495,0.2732,0,-0.2858,0.0517,-0.9569,0,-0.006,1.2419,0.0046,1],"parentBoneIndex":4,"length":1.3158
,"animation":{"dataType":3,"framePerSecond":24,"keys":[
{"frame":1,"values":[-0.4881,-0.8671,0.0996,0,-0.8233,0.4953,0.2771,0,-0.2897,0.0532,-0.9557,0,-0.006,1.2419,0.0046,1]},
{"frame":21,"values":[-0.4781,-0.873,0.0962,0,-0.8292,0.4848,0.278,0,-0.2894,0.0531,-0.9557,0,-0.006,1.2419,0.0046,1]},
{"frame":22,"values":[-0.4499,-0.8889,0.0863,0,-0.8457,0.4551,0.2787,0,-0.287,0.0524,-0.9565,0,-0.006,1.2419,0.0046,1]},
{"frame":23,"values":[-0.413,-0.9078,0.0727,0,-0.8667,0.4163,0.2747,0,-0.2797,0.0504,-0.9588,0,-0.006,1.2419,0.0046,1]},
{"frame":24,"values":[-0.384,-0.9213,0.0608,0,-0.8843,0.386,0.2626,0,-0.2654,0.0471,-0.963,0,-0.006,1.2419,0.0046,1]},
{"frame":25,"values":[-0.3742,-0.9258,0.0541,0,-0.8945,0.3757,0.2425,0,-0.2448,0.0423,-0.9686,0,-0.006,1.2419,0.0046,1]},
{"frame":26,"values":[-0.3803,-0.9246,-0.0237,0,-0.9135,0.3795,-0.1465,0,0.1444,-0.0341,-0.9889,0,-0.006,1.2419,0.0046,1]},
{"frame":113,"values":[-0.5094,-0.8461,-0.1573,0,-0.8472,0.4609,0.2644,0,-0.1512,0.2679,-0.9515,0,-0.006,1.2419,0.0046,1]},
{"frame":165,"values":[-0.5094,-0.8461,-0.1573,0,-0.8472,0.4609,0.2644,0,-0.1512,0.2679,-0.9515,0,-0.006,1.2419,0.0046,1]}],"loopBehavior":1,"name":"anim","property":"_matrix"}},
{"name":"lowerArmR","index":6,"matrix":[0.9312,0.2434,-0.2712,0,0.0069,-0.7559,-0.6546,0,-0.3643,0.6077,-0.7056,0,0,1.3158,0,1],"rest":[0.9995,-0.0153,-0.0282,0,0.0122,0.9943,-0.1062,0,0.0296,0.1058,0.9939,0,0,1.3158,0,1],"parentBoneIndex":5,"length":1.6172
,"animation":{"dataType":3,"framePerSecond":24,"keys":[
{"frame":1,"values":[0.976,-0.0068,0.2174,0,0.1839,-0.5086,-0.8412,0,0.1163,0.861,-0.4952,0,0,1.3158,0,1]},
{"frame":14,"values":[0.9761,-0.0068,0.2174,0,0.1839,-0.5086,-0.8412,0,0.1163,0.861,-0.4952,0,0,1.3158,0,1]},
{"frame":15,"values":[0.976,-0.0068,0.2174,0,0.1839,-0.5086,-0.8412,0,0.1163,0.861,-0.4952,0,0,1.3158,0,1]},
{"frame":21,"values":[0.9725,0.0148,0.2324,0,0.2103,-0.4839,-0.8495,0,0.0999,0.875,-0.4737,0,0,1.3158,0,1]},
{"frame":22,"values":[0.9581,0.0735,0.2769,0,0.2822,-0.4093,-0.8677,0,0.0496,0.9094,-0.4129,0,0,1.3158,0,1]},
{"frame":23,"values":[0.9301,0.1426,0.3385,0,0.3666,-0.304,-0.8793,0,-0.0225,0.942,-0.335,0,0,1.3158,0,1]},
{"frame":24,"values":[0.9014,0.1903,0.3888,0,0.4248,-0.2164,-0.879,0,-0.0832,0.9576,-0.2759,0,0,1.3158,0,1]},
{"frame":25,"values":[0.89,0.2058,0.407,0,0.4437,-0.1845,-0.877,0,-0.1054,0.961,-0.2555,0,0,1.3158,0,1]},
{"frame":26,"values":[0.9396,0.2519,-0.2316,0,-0.0347,-0.6032,-0.7968,0,-0.3404,0.7568,-0.558,0,0,1.3158,0,1]},
{"frame":113,"values":[0.9312,0.2434,-0.2712,0,0.0069,-0.7559,-0.6546,0,-0.3643,0.6077,-0.7056,0,0,1.3158,0,1]},
{"frame":165,"values":[0.9312,0.2434,-0.2712,0,0.0069,-0.7559,-0.6546,0,-0.3643,0.6077,-0.7056,0,0,1.3158,0,1]}],"loopBehavior":1,"name":"anim","property":"_matrix"}},
{"name":"handR","index":7,"matrix":[0.8871,0.427,0.1754,0,-0.4547,0.7429,0.4913,0,0.0795,-0.5155,0.8532,0,0,1.6172,0,1],"rest":[0.9834,-0.1237,-0.1325,0,0.1325,0.9894,0.0598,0,0.1237,-0.0763,0.9894,0,0,1.6172,0,1],"parentBoneIndex":6,"length":0.3973
,"animation":{"dataType":3,"framePerSecond":24,"keys":[
{"frame":1,"values":[0.9713,-0.1829,-0.1519,0,0.1926,0.98,0.0512,0,0.1395,-0.0789,0.9871,0,0,1.6172,0,1]},
{"frame":21,"values":[0.973,-0.1863,-0.1362,0,0.1988,0.9764,0.0847,0,0.1172,-0.1095,0.9871,0,0,1.6172,0,1]},
{"frame":22,"values":[0.9758,-0.1985,-0.092,0,0.2123,0.9606,0.1796,0,0.0527,-0.1948,0.9794,0,0,1.6172,0,1]},
{"frame":23,"values":[0.9749,-0.2197,-0.0367,0,0.2205,0.9281,0.3002,0,-0.0319,-0.3007,0.9532,0,0,1.6172,0,1]},
{"frame":24,"values":[0.9707,-0.2402,0.0042,0,0.2194,0.8938,0.3911,0,-0.0977,-0.3787,0.9203,0,0,1.6172,0,1]},
{"frame":25,"values":[0.9685,-0.2482,0.0181,0,0.2175,0.8799,0.4224,0,-0.1208,-0.4052,0.9062,0,0,1.6172,0,1]},
{"frame":26,"values":[0.9885,-0.0747,-0.1316,0,0.0897,0.9896,0.1122,0,0.1218,-0.1227,0.9849,0,0,1.6172,0,1]},
{"frame":113,"values":[0.8871,0.427,0.1754,0,-0.4547,0.7429,0.4913,0,0.0795,-0.5155,0.8532,0,0,1.6172,0,1]},
{"frame":120,"values":[0.7607,0.5338,0.3693,0,-0.6237,0.7588,0.1879,0,-0.1799,-0.3732,0.9101,0,0,1.6172,0,1]},
{"frame":141,"values":[0.8001,0.4849,0.3531,0,-0.5697,0.7986,0.1942,0,-0.1878,-0.3566,0.9152,0,0,1.6172,0,1]},
{"frame":142,"values":[0.8928,0.3327,0.3035,0,-0.4025,0.8918,0.2064,0,-0.202,-0.3065,0.9302,0,0,1.6172,0,1]},
{"frame":143,"values":[0.9655,0.1161,0.2331,0,-0.1661,0.9639,0.2079,0,-0.2005,-0.2395,0.95,0,0,1.6172,0,1]},
{"frame":144,"values":[0.9836,-0.0571,0.171,0,0.0225,0.98,0.1975,0,-0.1789,-0.1905,0.9653,0,0,1.6172,0,1]},
{"frame":145,"values":[0.9842,-0.116,0.1336,0,0.0892,0.9774,0.1916,0,-0.1528,-0.1767,0.9723,0,0,1.6172,0,1]},
{"frame":146,"values":[0.9915,-0.0651,0.1123,0,0.039,0.9746,0.2206,0,-0.1238,-0.2143,0.9689,0,0,1.6172,0,1]},
{"frame":147,"values":[0.9914,0.0768,0.1063,0,-0.1057,0.9474,0.302,0,-0.0775,-0.3106,0.9474,0,0,1.6172,0,1]},
{"frame":148,"values":[0.9583,0.2557,0.1277,0,-0.2856,0.8703,0.4013,0,-0.0085,-0.421,0.907,0,0,1.6172,0,1]},
{"frame":149,"values":[0.909,0.3846,0.1607,0,-0.4132,0.7802,0.4696,0,0.0552,-0.4933,0.8681,0,0,1.6172,0,1]},
{"frame":150,"values":[0.8871,0.427,0.1754,0,-0.4547,0.7429,0.4913,0,0.0795,-0.5155,0.8532,0,0,1.6172,0,1]},
{"frame":165,"values":[0.8871,0.427,0.1754,0,-0.4547,0.7429,0.4913,0,0.0795,-0.5155,0.8532,0,0,1.6172,0,1]}],"loopBehavior":1,"name":"anim","property":"_matrix"}},
{"name":"clavicleL","index":8,"matrix":[-0.6623,-0.594,0.4567,0,0.7415,-0.4318,0.5136,0,-0.1078,0.6787,0.7264,0,0.2418,1.227,-0.0299,1],"rest":[-0.3096,-0.6757,0.669,0,0.9307,-0.3596,0.0674,0,0.195,0.6435,0.7402,0,0.2418,1.227,-0.0299,1],"parentBoneIndex":1,"length":1.2419
,"animation":{"dataType":3,"framePerSecond":24,"keys":[
{"frame":1,"values":[-0.0524,-0.6669,0.7433,0,0.8742,-0.3905,-0.2887,0,0.4828,0.6346,0.6035,0,0.2418,1.227,-0.0299,1]},
{"frame":2,"values":[-0.0357,-0.6666,0.7446,0,0.8624,-0.397,-0.314,0,0.5049,0.6309,0.5891,0,0.2418,1.227,-0.0299,1]},
{"frame":3,"values":[0.0081,-0.6663,0.7456,0,0.828,-0.4136,-0.3786,0,0.5607,0.6204,0.5484,0,0.2418,1.227,-0.0299,1]},
{"frame":4,"values":[0.0518,-0.6669,0.7433,0,0.7884,-0.4296,-0.4403,0,0.613,0.6089,0.5035,0,0.2418,1.227,-0.0299,1]},
{"frame":5,"values":[0.0684,-0.6674,0.7416,0,0.772,-0.4354,-0.4631,0,0.6319,0.6042,0.4854,0,0.2418,1.227,-0.0299,1]},
{"frame":6,"values":[0.0629,-0.6672,0.7422,0,0.7776,-0.4335,-0.4555,0,0.6256,0.6058,0.4915,0,0.2418,1.227,-0.0299,1]},
{"frame":7,"values":[0.0458,-0.6668,0.7439,0,0.7942,-0.4274,-0.432,0,0.606,0.6105,0.5099,0,0.2418,1.227,-0.0299,1]},
{"frame":8,"values":[0.0201,-0.6664,0.7453,0,0.8176,-0.4181,-0.3958,0,0.5754,0.6174,0.5365,0,0.2418,1.227,-0.0299,1]},
{"frame":9,"values":[-0.0073,-0.6663,0.7456,0,0.8406,-0.4079,-0.3563,0,0.5416,0.6242,0.5631,0,0.2418,1.227,-0.0299,1]},
{"frame":10,"values":[-0.0302,-0.6665,0.7449,0,0.8584,-0.3991,-0.3223,0,0.5122,0.6296,0.5842,0,0.2418,1.227,-0.0299,1]},
{"frame":11,"values":[-0.0531,-0.6669,0.7432,0,0.8746,-0.3902,-0.2877,0,0.4819,0.6348,0.604,0,0.2418,1.227,-0.0299,1]},
{"frame":12,"values":[-0.0803,-0.6678,0.74,0,0.8921,-0.3793,-0.2455,0,0.4446,0.6405,0.6262,0,0.2418,1.227,-0.0299,1]},
{"frame":13,"values":[-0.1058,-0.6688,0.7358,0,0.9066,-0.3689,-0.205,0,0.4085,0.6454,0.6454,0,0.2418,1.227,-0.0299,1]},
{"frame":14,"values":[-0.1226,-0.6697,0.7324,0,0.9152,-0.3618,-0.1777,0,0.384,0.6485,0.6573,0,0.2418,1.227,-0.0299,1]},
{"frame":15,"values":[-0.1281,-0.67,0.7312,0,0.9178,-0.3595,-0.1687,0,0.3759,0.6495,0.661,0,0.2418,1.227,-0.0299,1]},
{"frame":16,"values":[-0.1214,-0.6697,0.7327,0,0.9146,-0.3623,-0.1796,0,0.3857,0.6483,0.6565,0,0.2418,1.227,-0.0299,1]},
{"frame":17,"values":[-0.1026,-0.6687,0.7364,0,0.9049,-0.3702,-0.21,0,0.4131,0.6448,0.6431,0,0.2418,1.227,-0.0299,1]},
{"frame":18,"values":[-0.0783,-0.6677,0.7403,0,0.8909,-0.3801,-0.2487,0,0.4475,0.6401,0.6246,0,0.2418,1.227,-0.0299,1]},
{"frame":19,"values":[-0.0592,-0.6671,0.7426,0,0.8787,-0.3878,-0.2783,0,0.4736,0.6361,0.6091,0,0.2418,1.227,-0.0299,1]},
{"frame":20,"values":[-0.0524,-0.6669,0.7433,0,0.8742,-0.3905,-0.2887,0,0.4828,0.6346,0.6035,0,0.2418,1.227,-0.0299,1]},
{"frame":21,"values":[-0.0541,-0.6669,0.7432,0,0.8749,-0.3904,-0.2867,0,0.4813,0.6346,0.6046,0,0.2418,1.227,-0.0299,1]},
{"frame":22,"values":[-0.0664,-0.6669,0.7421,0,0.8796,-0.3903,-0.272,0,0.4711,0.6347,0.6125,0,0.2418,1.227,-0.0299,1]},
{"frame":23,"values":[-0.1022,-0.667,0.7381,0,0.8917,-0.3902,-0.2292,0,0.4409,0.6347,0.6346,0,0.2418,1.227,-0.0299,1]},
{"frame":24,"values":[-0.1687,-0.667,0.7257,0,0.9088,-0.3903,-0.1474,0,0.3816,0.6347,0.672,0,0.2418,1.227,-0.0299,1]},
{"frame":25,"values":[-0.2614,-0.6669,0.6978,0,0.9202,-0.3905,-0.0285,0,0.2915,0.6346,0.7158,0,0.2418,1.227,-0.0299,1]},
{"frame":26,"values":[-0.6848,-0.6227,0.3785,0,0.6932,-0.3966,0.6018,0,-0.2246,0.6746,0.7032,0,0.2418,1.227,-0.0299,1]},
{"frame":113,"values":[-0.6623,-0.594,0.4567,0,0.7415,-0.4318,0.5136,0,-0.1078,0.6787,0.7264,0,0.2418,1.227,-0.0299,1]},
{"frame":141,"values":[-0.6538,-0.5965,0.4655,0,0.7499,-0.4291,0.5035,0,-0.1006,0.6783,0.7279,0,0.2418,1.227,-0.0299,1]},
{"frame":142,"values":[-0.6293,-0.6034,0.4898,0,0.773,-0.4212,0.4744,0,-0.0799,0.6772,0.7315,0,0.2418,1.227,-0.0299,1]},
{"frame":143,"values":[-0.5964,-0.6118,0.5196,0,0.8009,-0.4106,0.4358,0,-0.0533,0.676,0.7349,0,0.2418,1.227,-0.0299,1]},
{"frame":144,"values":[-0.5697,-0.6181,0.5417,0,0.8212,-0.4022,0.4048,0,-0.0324,0.6754,0.7367,0,0.2418,1.227,-0.0299,1]},
{"frame":145,"values":[-0.56,-0.6203,0.5492,0,0.8281,-0.3991,0.3936,0,-0.0249,0.6753,0.7372,0,0.2418,1.227,-0.0299,1]},
{"frame":146,"values":[-0.5697,-0.6181,0.5417,0,0.8212,-0.4022,0.4048,0,-0.0324,0.6754,0.7367,0,0.2418,1.227,-0.0299,1]},
{"frame":147,"values":[-0.5964,-0.6118,0.5196,0,0.8009,-0.4106,0.4358,0,-0.0533,0.676,0.7349,0,0.2418,1.227,-0.0299,1]},
{"frame":148,"values":[-0.6293,-0.6034,0.4898,0,0.773,-0.4212,0.4744,0,-0.0799,0.6772,0.7315,0,0.2418,1.227,-0.0299,1]},
{"frame":149,"values":[-0.6538,-0.5965,0.4655,0,0.7499,-0.4291,0.5035,0,-0.1006,0.6783,0.7279,0,0.2418,1.227,-0.0299,1]},
{"frame":150,"values":[-0.6623,-0.594,0.4567,0,0.7415,-0.4318,0.5136,0,-0.1078,0.6787,0.7264,0,0.2418,1.227,-0.0299,1]},
{"frame":165,"values":[-0.6623,-0.594,0.4567,0,0.7415,-0.4318,0.5136,0,-0.1078,0.6787,0.7264,0,0.2418,1.227,-0.0299,1]}],"loopBehavior":1,"name":"anim","property":"_matrix"}},
{"name":"upperArmL","index":9,"matrix":[-0.2698,0.8761,-0.3995,0,0.9112,0.3664,0.1881,0,0.3112,-0.3133,-0.8972,0,0.0047,1.2477,-0.0022,1],"rest":[-0.2998,0.8674,0.3972,0,0.6026,0.495,-0.626,0,-0.7396,0.0517,-0.6711,0,0.0047,1.2477,-0.0022,1],"parentBoneIndex":8,"length":1.3158
,"animation":{"dataType":3,"framePerSecond":24,"keys":[
